,Estados Unidos Mexicanos,Entidad federativa,Tamaño de la localidad,Grupos de edad,Saben leer y escribir :Hombres y mujeres,Saben leer y escribir :Hombres,No saben leer y escribir :Mujeres,No saben leer y escribir :Hombres y mujeres,No saben leer y escribir :Hombres,No saben leer y escribir :Mujeres,No saben leer y escribir :Hombres y mujeres,No saben leer y escribir :Hombres,No saben leer y escribir :Mujeres
2,Estados Unidos Mexicanos,Total,Total,Total,38370438,19049853,19320585,27513751,14133236,13380515,10856687,4916617,5940070
3,Estados Unidos Mexicanos,Total,Total,De 6 a 9 años,6035706,3070485,2965221,2856092,1431702,1424390,3179614,1638783,1540831
4,Estados Unidos Mexicanos,Total,Total,De 10 a 14 años,6396174,3271115,3125059,5412807,2766280,2646527,983367,504835,478532
5,Estados Unidos Mexicanos,Total,Total,De 15 a 19 años,5054391,2491047,2563344,4294533,2144318,2150215,759858,346729,413129
6,Estados Unidos Mexicanos,Total,Total,De 20 a 24 años,4032341,1930300,2102041,3306028,1635300,1670728,726313,295000,431313
7,Estados Unidos Mexicanos,Total,Total,De 25 a 29 años,3260418,1575414,1685004,2534184,1285364,1248820,726234,290050,436184
8,Estados Unidos Mexicanos,Total,Total,De 30 a 34 años,2596263,1285461,1310802,1979128,1031717,947411,617135,253744,363391
9,Estados Unidos Mexicanos,Total,Total,De 35 a 39 años,2511647,1235283,1276364,1812458,956152,856306,699189,279131,420058
10,Estados Unidos Mexicanos,Total,Total,De 40 años y más,8483498,4190748,4292750,5318521,2882403,2436118,3164977,1308345,1856632
11,Estados Unidos Mexicanos,Total,Hasta 2 499 habitantes,Total,15601853,7988182,7613671,9192657,4989784,4202873,6409196,2998398,3410798
12,Estados Unidos Mexicanos,Total,Hasta 2 499 habitantes,De 6 a 9 años,2638752,1346481,1292271,961915,483807,478108,1676837,862674,814163
13,Estados Unidos Mexicanos,Total,Hasta 2 499 habitantes,De 10 a 14 años,2699441,1407654,1291787,2039037,1065633,973404,660404,342021,318383
14,Estados Unidos Mexicanos,Total,Hasta 2 499 habitantes,De 15 a 19 años,1980985,1013958,967027,1480580,778710,701870,500405,235248,265157
15,Estados Unidos Mexicanos,Total,Hasta 2 499 habitantes,De 20 a 24 años,1540858,761473,779385,1073371,564712,508659,467487,196761,270726
16,Estados Unidos Mexicanos,Total,Hasta 2 499 habitantes,De 25 a 29 años,1298958,640582,658376,827670,444355,383315,471288,196227,275061
17,Estados Unidos Mexicanos,Total,Hasta 2 499 habitantes,De 30 a 34 años,1020197,521658,498539,634246,353677,280569,385951,167981,217970
18,Estados Unidos Mexicanos,Total,Hasta 2 499 habitantes,De 35 a 39 años,1015484,515754,499730,589299,334361,254938,426185,181393,244792
19,Estados Unidos Mexicanos,Total,Hasta 2 499 habitantes,De 40 años y más,3407178,1780622,1626556,1586539,964529,622010,1820639,816093,1004546
20,Estados Unidos Mexicanos,Total,De 2 500 a 4 999 habitantes,Total,3280160,1637366,1642794,2309698,1203776,1105922,970462,433590,536872
21,Estados Unidos Mexicanos,Total,De 2 500 a 4 999 habitantes,De 6 a 9 años,531186,271316,259870,253870,127321,126549,277316,143995,133321
22,Estados Unidos Mexicanos,Total,De 2 500 a 4 999 habitantes,De 10 a 14 años,562546,289147,273399,481566,247850,233716,80980,41297,39683
23,Estados Unidos Mexicanos,Total,De 2 500 a 4 999 habitantes,De 15 a 19 años,420273,209282,210991,357220,180683,176537,63053,28599,34454
24,Estados Unidos Mexicanos,Total,De 2 500 a 4 999 habitantes,De 20 a 24 años,324028,155154,168874,262307,130247,132060,61721,24907,36814
25,Estados Unidos Mexicanos,Total,De 2 500 a 4 999 habitantes,De 25 a 29 años,264719,127478,137241,202456,103164,99292,62263,24314,37949
26,Estados Unidos Mexicanos,Total,De 2 500 a 4 999 habitantes,De 30 a 34 años,217506,107064,110442,162138,85187,76951,55368,21877,33491
27,Estados Unidos Mexicanos,Total,De 2 500 a 4 999 habitantes,De 35 a 39 años,216346,106581,109765,150895,81172,69723,65451,25409,40042
28,Estados Unidos Mexicanos,Total,De 2 500 a 4 999 habitantes,De 40 años y más,743556,371344,372212,439246,248152,191094,304310,123192,181118
29,Estados Unidos Mexicanos,Total,De 5 000 a 9 999 habitantes,Total,2994563,1476807,1517756,2263186,1156066,1107120,731377,320741,410636
30,Estados Unidos Mexicanos,Total,De 5 000 a 9 999 habitantes,De 6 a 9 años,476555,242162,234393,251134,126111,125023,225421,116051,109370
31,Estados Unidos Mexicanos,Total,De 5 000 a 9 999 habitantes,De 10 a 14 años,506821,257527,249294,450257,228911,221346,56564,28616,27948
32,Estados Unidos Mexicanos,Total,De 5 000 a 9 999 habitantes,De 15 a 19 años,394466,192750,201716,349562,172802,176760,44904,19948,24956
33,Estados Unidos Mexicanos,Total,De 5 000 a 9 999 habitantes,De 20 a 24 años,307503,145657,161846,263020,128268,134752,44483,17389,27094
34,Estados Unidos Mexicanos,Total,De 5 000 a 9 999 habitantes,De 25 a 29 años,247758,118685,129073,203654,101976,101678,44104,16709,27395
35,Estados Unidos Mexicanos,Total,De 5 000 a 9 999 habitantes,De 30 a 34 años,204229,99624,104605,163768,84265,79503,40461,15359,25102
36,Estados Unidos Mexicanos,Total,De 5 000 a 9 999 habitantes,De 35 a 39 años,199393,97377,102016,151196,79490,71706,48197,17887,30310
37,Estados Unidos Mexicanos,Total,De 5 000 a 9 999 habitantes,De 40 años y más,657838,323025,334813,430595,234243,196352,227243,88782,138461
38,Estados Unidos Mexicanos,Total,De 10 000 a 19 999 habitantes,Total,2732011,1328672,1403339,2190279,1097208,1093071,541732,231464,310268
39,Estados Unidos Mexicanos,Total,De 10 000 a 19 999 habitantes,De 6 a 9 años,418905,211927,206978,238103,118844,119259,180802,93083,87719
40,Estados Unidos Mexicanos,Total,De 10 000 a 19 999 habitantes,De 10 a 14 años,454512,228080,226432,417986,209911,208075,36526,18169,18357
41,Estados Unidos Mexicanos,Total,De 10 000 a 19 999 habitantes,De 15 a 19 años,367253,175966,191287,336443,163111,173332,30810,12855,17955
42,Estados Unidos Mexicanos,Total,De 10 000 a 19 999 habitantes,De 20 a 24 años,290813,135279,155534,259882,123824,136058,30931,11455,19476
43,Estados Unidos Mexicanos,Total,De 10 000 a 19 999 habitantes,De 25 a 29 años,231515,110114,121401,200174,98798,101376,31341,11316,20025
44,Estados Unidos Mexicanos,Total,De 10 000 a 19 999 habitantes,De 30 a 34 años,187644,90763,96881,159047,80348,78699,28597,10415,18182
45,Estados Unidos Mexicanos,Total,De 10 000 a 19 999 habitantes,De 35 a 39 años,181279,87232,94047,147022,75142,71880,34257,12090,22167
46,Estados Unidos Mexicanos,Total,De 10 000 a 19 999 habitantes,De 40 años y más,600090,289311,310779,431622,227230,204392,168468,62081,106387
47,Estados Unidos Mexicanos,Total,De 20 000 a 49 999 habitantes,Total,2723420,1326209,1397211,2196408,1100078,1096330,527012,226131,300881
48,Estados Unidos Mexicanos,Total,De 20 000 a 49 999 habitantes,De 6 a 9 años,415749,211311,204438,234550,117645,116905,181199,93666,87533
49,Estados Unidos Mexicanos,Total,De 20 000 a 49 999 habitantes,De 10 a 14 años,451316,227665,223651,413653,208560,205093,37663,19105,18558
50,Estados Unidos Mexicanos,Total,De 20 000 a 49 999 habitantes,De 15 a 19 años,370696,178629,192067,340007,165444,174563,30689,13185,17504
51,Estados Unidos Mexicanos,Total,De 20 000 a 49 999 habitantes,De 20 a 24 años,298233,139306,158927,267492,127831,139661,30741,11475,19266
52,Estados Unidos Mexicanos,Total,De 20 000 a 49 999 habitantes,De 25 a 29 años,236083,112788,123295,206068,101880,104188,30015,10908,19107
53,Estados Unidos Mexicanos,Total,De 20 000 a 49 999 habitantes,De 30 a 34 años,189361,92234,97127,162050,82161,79889,27311,10073,17238
54,Estados Unidos Mexicanos,Total,De 20 000 a 49 999 habitantes,De 35 a 39 años,177935,85976,91959,145911,74809,71102,32024,11167,20857
55,Estados Unidos Mexicanos,Total,De 20 000 a 49 999 habitantes,De 40 años y más,584047,278300,305747,426677,221748,204929,157370,56552,100818
56,Estados Unidos Mexicanos,Total,De 50 000 habitantes y más,Total,11038431,5292617,5745814,9361523,4586324,4775199,1676908,706293,970615
57,Estados Unidos Mexicanos,Total,De 50 000 habitantes y más,De 6 a 9 años,1554559,787288,767271,916520,457974,458546,638039,329314,308725
58,Estados Unidos Mexicanos,Total,De 50 000 habitantes y más,De 10 a 14 años,1721538,861042,860496,1610308,805415,804893,111230,55627,55603
59,Estados Unidos Mexicanos,Total,De 50 000 habitantes y más,De 15 a 19 años,1520718,720462,800256,1430721,683568,747153,89997,36894,53103
60,Estados Unidos Mexicanos,Total,De 50 000 habitantes y más,De 20 a 24 años,1270906,593431,677475,1179956,560418,619538,90950,33013,57937
61,Estados Unidos Mexicanos,Total,De 50 000 habitantes y más,De 25 a 29 años,981385,465767,515618,894162,435191,458971,87223,30576,56647
62,Estados Unidos Mexicanos,Total,De 50 000 habitantes y más,De 30 a 34 años,777326,374118,403208,697879,346079,351800,79447,28039,51408
63,Estados Unidos Mexicanos,Total,De 50 000 habitantes y más,De 35 a 39 años,721210,342363,378847,628135,311178,316957,93075,31185,61890
64,Estados Unidos Mexicanos,Total,De 50 000 habitantes y más,De 40 años y más,2490789,1148146,1342643,2003842,986501,1017341,486947,161645,325302
65,Estados Unidos Mexicanos,Aguascalientes,Total,Total,265809,130542,135267,214487,107317,107170,51322,23225,28097
66,Estados Unidos Mexicanos,Aguascalientes,Total,De 6 a 9 años,43355,22160,21195,24679,12452,12227,18676,9708,8968
67,Estados Unidos Mexicanos,Aguascalientes,Total,De 10 a 14 años,46021,23407,22614,42739,21700,21039,3282,1707,1575
68,Estados Unidos Mexicanos,Aguascalientes,Total,De 15 a 19 años,36192,17849,18343,33762,16728,17034,2430,1121,1309
69,Estados Unidos Mexicanos,Aguascalientes,Total,De 20 a 24 años,26978,12773,14205,24281,11604,12677,2697,1169,1528
70,Estados Unidos Mexicanos,Aguascalientes,Total,De 25 a 29 años,20223,9694,10529,17865,8750,9115,2358,944,1414
71,Estados Unidos Mexicanos,Aguascalientes,Total,De 30 a 34 años,16315,7693,8622,14186,6872,7314,2129,821,1308
72,Estados Unidos Mexicanos,Aguascalientes,Total,De 35 a 39 años,15756,7446,8310,13212,6499,6713,2544,947,1597
73,Estados Unidos Mexicanos,Aguascalientes,Total,De 40 años y más,60969,29520,31449,43763,22712,21051,17206,6808,10398
74,Estados Unidos Mexicanos,Aguascalientes,Hasta 2 499 habitantes,Total,93883,48335,45548,72959,38116,34843,20924,10219,10705
75,Estados Unidos Mexicanos,Aguascalientes,Hasta 2 499 habitantes,De 6 a 9 años,16538,8546,7992,8601,4365,4236,7937,4181,3756
76,Estados Unidos Mexicanos,Aguascalientes,Hasta 2 499 habitantes,De 10 a 14 años,17175,8901,8274,15647,8039,7608,1528,862,666
77,Estados Unidos Mexicanos,Aguascalientes,Hasta 2 499 habitantes,De 15 a 19 años,12698,6531,6167,11724,6008,5716,974,523,451
78,Estados Unidos Mexicanos,Aguascalientes,Hasta 2 499 habitantes,De 20 a 24 años,9232,4670,4562,8231,4204,4027,1001,466,535
79,Estados Unidos Mexicanos,Aguascalientes,Hasta 2 499 habitantes,De 25 a 29 años,7042,3521,3521,6164,3158,3006,878,363,515
80,Estados Unidos Mexicanos,Aguascalientes,Hasta 2 499 habitantes,De 30 a 34 años,5638,2854,2784,4850,2508,2342,788,346,442
81,Estados Unidos Mexicanos,Aguascalientes,Hasta 2 499 habitantes,De 35 a 39 años,5538,2819,2719,4616,2430,2186,922,389,533
82,Estados Unidos Mexicanos,Aguascalientes,Hasta 2 499 habitantes,De 40 años y más,20022,10493,9529,13126,7404,5722,6896,3089,3807
83,Estados Unidos Mexicanos,Aguascalientes,De 2 500 a 4 999 habitantes,Total,7307,3703,3604,6009,3066,2943,1298,637,661
84,Estados Unidos Mexicanos,Aguascalientes,De 2 500 a 4 999 habitantes,De 6 a 9 años,1280,654,626,743,371,372,537,283,254
85,Estados Unidos Mexicanos,Aguascalientes,De 2 500 a 4 999 habitantes,De 10 a 14 años,1299,695,604,1240,661,579,59,34,25
86,Estados Unidos Mexicanos,Aguascalientes,De 2 500 a 4 999 habitantes,De 15 a 19 años,978,480,498,933,457,476,45,23,22
87,Estados Unidos Mexicanos,Aguascalientes,De 2 500 a 4 999 habitantes,De 20 a 24 años,716,341,375,656,318,338,60,23,37
88,Estados Unidos Mexicanos,Aguascalientes,De 2 500 a 4 999 habitantes,De 25 a 29 años,547,270,277,501,246,255,46,24,22
89,Estados Unidos Mexicanos,Aguascalientes,De 2 500 a 4 999 habitantes,De 30 a 34 años,451,222,229,405,201,204,46,21,25
90,Estados Unidos Mexicanos,Aguascalientes,De 2 500 a 4 999 habitantes,De 35 a 39 años,403,199,204,340,172,168,63,27,36
91,Estados Unidos Mexicanos,Aguascalientes,De 2 500 a 4 999 habitantes,De 40 años y más,1633,842,791,1191,640,551,442,202,240
92,Estados Unidos Mexicanos,Aguascalientes,De 5 000 a 9 999 habitantes,Total,19326,9610,9716,15416,7737,7679,3910,1873,2037
93,Estados Unidos Mexicanos,Aguascalientes,De 5 000 a 9 999 habitantes,De 6 a 9 años,3234,1679,1555,2044,1054,990,1190,625,565
94,Estados Unidos Mexicanos,Aguascalientes,De 5 000 a 9 999 habitantes,De 10 a 14 años,3533,1767,1766,3304,1652,1652,229,115,114
95,Estados Unidos Mexicanos,Aguascalientes,De 5 000 a 9 999 habitantes,De 15 a 19 años,2612,1302,1310,2381,1185,1196,231,117,114
96,Estados Unidos Mexicanos,Aguascalientes,De 5 000 a 9 999 habitantes,De 20 a 24 años,1742,849,893,1533,746,787,209,103,106
97,Estados Unidos Mexicanos,Aguascalientes,De 5 000 a 9 999 habitantes,De 25 a 29 años,1366,659,707,1169,569,600,197,90,107
98,Estados Unidos Mexicanos,Aguascalientes,De 5 000 a 9 999 habitantes,De 30 a 34 años,1151,547,604,987,468,519,164,79,85
99,Estados Unidos Mexicanos,Aguascalientes,De 5 000 a 9 999 habitantes,De 35 a 39 años,1174,543,631,991,466,525,183,77,106
100,Estados Unidos Mexicanos,Aguascalientes,De 5 000 a 9 999 habitantes,De 40 años y más,4514,2264,2250,3007,1597,1410,1507,667,840
101,Estados Unidos Mexicanos,Aguascalientes,De 50 000 habitantes y más,Total,145293,68894,76399,120103,58398,61705,25190,10496,14694
102,Estados Unidos Mexicanos,Aguascalientes,De 50 000 habitantes y más,De 6 a 9 años,22303,11281,11022,13291,6662,6629,9012,4619,4393
103,Estados Unidos Mexicanos,Aguascalientes,De 50 000 habitantes y más,De 10 a 14 años,24014,12044,11970,22548,11348,11200,1466,696,770
104,Estados Unidos Mexicanos,Aguascalientes,De 50 000 habitantes y más,De 15 a 19 años,19904,9536,10368,18724,9078,9646,1180,458,722
105,Estados Unidos Mexicanos,Aguascalientes,De 50 000 habitantes y más,De 20 a 24 años,15288,6913,8375,13861,6336,7525,1427,577,850
106,Estados Unidos Mexicanos,Aguascalientes,De 50 000 habitantes y más,De 25 a 29 años,11268,5244,6024,10031,4777,5254,1237,467,770
107,Estados Unidos Mexicanos,Aguascalientes,De 50 000 habitantes y más,De 30 a 34 años,9075,4070,5005,7944,3695,4249,1131,375,756
108,Estados Unidos Mexicanos,Aguascalientes,De 50 000 habitantes y más,De 35 a 39 años,8641,3885,4756,7265,3431,3834,1376,454,922
109,Estados Unidos Mexicanos,Aguascalientes,De 50 000 habitantes y más,De 40 años y más,34800,15921,18879,26439,13071,13368,8361,2850,5511
110,Estados Unidos Mexicanos,Baja California,Total,Total,694148,344523,349625,570815,284907,285908,123333,59616,63717
111,Estados Unidos Mexicanos,Baja California,Total,De 6 a 9 años,111949,56439,55510,57065,27962,29103,54884,28477,26407
112,Estados Unidos Mexicanos,Baja California,Total,De 10 a 14 años,120533,60323,60210,110691,54975,55716,9842,5348,4494
113,Estados Unidos Mexicanos,Baja California,Total,De 15 a 19 años,93529,45169,48360,86902,41889,45013,6627,3280,3347
114,Estados Unidos Mexicanos,Baja California,Total,De 20 a 24 años,72745,33378,39367,66642,30770,35872,6103,2608,3495
115,Estados Unidos Mexicanos,Baja California,Total,De 25 a 29 años,57699,27295,30404,52279,25054,27225,5420,2241,3179
116,Estados Unidos Mexicanos,Baja California,Total,De 30 a 34 años,48587,23907,24680,43265,21637,21628,5322,2270,3052
117,Estados Unidos Mexicanos,Baja California,Total,De 35 a 39 años,45806,23309,22497,39783,20667,19116,6023,2642,3381
118,Estados Unidos Mexicanos,Baja California,Total,De 40 años y más,143300,74703,68597,114188,61953,52235,29112,12750,16362
119,Estados Unidos Mexicanos,Baja California,Hasta 2 499 habitantes,Total,107338,55810,51528,83482,43738,39744,23856,12072,11784
120,Estados Unidos Mexicanos,Baja California,Hasta 2 499 habitantes,De 6 a 9 años,17952,8833,9119,8569,3989,4580,9383,4844,4539
121,Estados Unidos Mexicanos,Baja California,Hasta 2 499 habitantes,De 10 a 14 años,19093,9564,9529,17003,8409,8594,2090,1155,935
122,Estados Unidos Mexicanos,Baja California,Hasta 2 499 habitantes,De 15 a 19 años,14394,7341,7053,13011,6650,6361,1383,691,692
123,Estados Unidos Mexicanos,Baja California,Hasta 2 499 habitantes,De 20 a 24 años,10821,5339,5482,9631,4808,4823,1190,531,659
124,Estados Unidos Mexicanos,Baja California,Hasta 2 499 habitantes,De 25 a 29 años,8497,4224,4273,7398,3744,3654,1099,480,619
125,Estados Unidos Mexicanos,Baja California,Hasta 2 499 habitantes,De 30 a 34 años,7153,3731,3422,6035,3207,2828,1118,524,594
126,Estados Unidos Mexicanos,Baja California,Hasta 2 499 habitantes,De 35 a 39 años,6975,3775,3200,5684,3139,2545,1291,636,655
127,Estados Unidos Mexicanos,Baja California,Hasta 2 499 habitantes,De 40 años y más,22453,13003,9450,16151,9792,6359,6302,3211,3091
128,Estados Unidos Mexicanos,Baja California,De 2 500 a 4 999 habitantes,Total,25773,13345,12428,20606,10744,9862,5167,2601,2566
129,Estados Unidos Mexicanos,Baja California,De 2 500 a 4 999 habitantes,De 6 a 9 años,4394,2288,2106,2306,1155,1151,2088,1133,955
130,Estados Unidos Mexicanos,Baja California,De 2 500 a 4 999 habitantes,De 10 a 14 años,4730,2452,2278,4346,2227,2119,384,225,159
131,Estados Unidos Mexicanos,Baja California,De 2 500 a 4 999 habitantes,De 15 a 19 años,3374,1691,1683,3108,1565,1543,266,126,140
132,Estados Unidos Mexicanos,Baja California,De 2 500 a 4 999 habitantes,De 20 a 24 años,2492,1204,1288,2208,1076,1132,284,128,156
133,Estados Unidos Mexicanos,Baja California,De 2 500 a 4 999 habitantes,De 25 a 29 años,2094,1035,1059,1860,925,935,234,110,124
134,Estados Unidos Mexicanos,Baja California,De 2 500 a 4 999 habitantes,De 30 a 34 años,1699,852,847,1465,747,718,234,105,129
135,Estados Unidos Mexicanos,Baja California,De 2 500 a 4 999 habitantes,De 35 a 39 años,1674,877,797,1423,764,659,251,113,138
136,Estados Unidos Mexicanos,Baja California,De 2 500 a 4 999 habitantes,De 40 años y más,5316,2946,2370,3890,2285,1605,1426,661,765
137,Estados Unidos Mexicanos,Baja California,De 5 000 a 9 999 habitantes,Total,13881,7331,6550,10857,5763,5094,3024,1568,1456
138,Estados Unidos Mexicanos,Baja California,De 5 000 a 9 999 habitantes,De 6 a 9 años,2339,1234,1105,1171,604,567,1168,630,538
139,Estados Unidos Mexicanos,Baja California,De 5 000 a 9 999 habitantes,De 10 a 14 años,2527,1332,1195,2273,1182,1091,254,150,104
140,Estados Unidos Mexicanos,Baja California,De 5 000 a 9 999 habitantes,De 15 a 19 años,1823,975,848,1646,883,763,177,92,85
141,Estados Unidos Mexicanos,Baja California,De 5 000 a 9 999 habitantes,De 20 a 24 años,1395,690,705,1238,608,630,157,82,75
142,Estados Unidos Mexicanos,Baja California,De 5 000 a 9 999 habitantes,De 25 a 29 años,1182,575,607,1013,514,499,169,61,108
143,Estados Unidos Mexicanos,Baja California,De 5 000 a 9 999 habitantes,De 30 a 34 años,948,501,447,791,430,361,157,71,86
144,Estados Unidos Mexicanos,Baja California,De 5 000 a 9 999 habitantes,De 35 a 39 años,908,470,438,746,388,358,162,82,80
145,Estados Unidos Mexicanos,Baja California,De 5 000 a 9 999 habitantes,De 40 años y más,2759,1554,1205,1979,1154,825,780,400,380
146,Estados Unidos Mexicanos,Baja California,De 10 000 a 19 999 habitantes,Total,11828,5384,6444,9569,4476,5093,2259,908,1351
147,Estados Unidos Mexicanos,Baja California,De 10 000 a 19 999 habitantes,De 6 a 9 años,1911,824,1087,950,428,522,961,396,565
148,Estados Unidos Mexicanos,Baja California,De 10 000 a 19 999 habitantes,De 10 a 14 años,2168,955,1213,1902,883,1019,266,72,194
149,Estados Unidos Mexicanos,Baja California,De 10 000 a 19 999 habitantes,De 15 a 19 años,1684,718,966,1534,680,854,150,38,112
150,Estados Unidos Mexicanos,Baja California,De 10 000 a 19 999 habitantes,De 20 a 24 años,1278,540,738,1175,498,677,103,42,61
151,Estados Unidos Mexicanos,Baja California,De 10 000 a 19 999 habitantes,De 25 a 29 años,921,427,494,813,386,427,108,41,67
152,Estados Unidos Mexicanos,Baja California,De 10 000 a 19 999 habitantes,De 30 a 34 años,738,350,388,630,302,328,108,48,60
153,Estados Unidos Mexicanos,Baja California,De 10 000 a 19 999 habitantes,De 35 a 39 años,674,340,334,567,285,282,107,55,52
154,Estados Unidos Mexicanos,Baja California,De 10 000 a 19 999 habitantes,De 40 años y más,2454,1230,1224,1998,1014,984,456,216,240
155,Estados Unidos Mexicanos,Baja California,De 50 000 habitantes y más,Total,535328,262653,272675,446301,220186,226115,89027,42467,46560
156,Estados Unidos Mexicanos,Baja California,De 50 000 habitantes y más,De 6 a 9 años,85353,43260,42093,44069,21786,22283,41284,21474,19810
157,Estados Unidos Mexicanos,Baja California,De 50 000 habitantes y más,De 10 a 14 años,92015,46020,45995,85167,42274,42893,6848,3746,3102
158,Estados Unidos Mexicanos,Baja California,De 50 000 habitantes y más,De 15 a 19 años,72254,34444,37810,67603,32111,35492,4651,2333,2318
159,Estados Unidos Mexicanos,Baja California,De 50 000 habitantes y más,De 20 a 24 años,56759,25605,31154,52390,23780,28610,4369,1825,2544
160,Estados Unidos Mexicanos,Baja California,De 50 000 habitantes y más,De 25 a 29 años,45005,21034,23971,41195,19485,21710,3810,1549,2261
161,Estados Unidos Mexicanos,Baja California,De 50 000 habitantes y más,De 30 a 34 años,38049,18473,19576,34344,16951,17393,3705,1522,2183
162,Estados Unidos Mexicanos,Baja California,De 50 000 habitantes y más,De 35 a 39 años,35575,17847,17728,31363,16091,15272,4212,1756,2456
163,Estados Unidos Mexicanos,Baja California,De 50 000 habitantes y más,De 40 años y más,110318,55970,54348,90170,47708,42462,20148,8262,11886
164,Estados Unidos Mexicanos,"Baja California, Territorio",Total,Total,101614,52082,49532,84082,43287,40795,17532,8795,8737
165,Estados Unidos Mexicanos,"Baja California, Territorio",Total,De 6 a 9 años,16580,8400,8180,9556,4750,4806,7024,3650,3374
166,Estados Unidos Mexicanos,"Baja California, Territorio",Total,De 10 a 14 años,17300,8852,8448,15945,8141,7804,1355,711,644
167,Estados Unidos Mexicanos,"Baja California, Territorio",Total,De 15 a 19 años,13296,6753,6543,12278,6242,6036,1018,511,507
168,Estados Unidos Mexicanos,"Baja California, Territorio",Total,De 20 a 24 años,10412,5154,5258,9429,4675,4754,983,479,504
169,Estados Unidos Mexicanos,"Baja California, Territorio",Total,De 25 a 29 años,8661,4406,4255,7794,4012,3782,867,394,473
170,Estados Unidos Mexicanos,"Baja California, Territorio",Total,De 30 a 34 años,6846,3604,3242,6140,3277,2863,706,327,379
171,Estados Unidos Mexicanos,"Baja California, Territorio",Total,De 35 a 39 años,6612,3490,3122,5813,3108,2705,799,382,417
172,Estados Unidos Mexicanos,"Baja California, Territorio",Total,De 40 años y más,21907,11423,10484,17127,9082,8045,4780,2341,2439
173,Estados Unidos Mexicanos,"Baja California, Territorio",Hasta 2 499 habitantes,Total,46750,24486,22264,36881,19375,17506,9869,5111,4758
174,Estados Unidos Mexicanos,"Baja California, Territorio",Hasta 2 499 habitantes,De 6 a 9 años,7742,3889,3853,4020,1957,2063,3722,1932,1790
175,Estados Unidos Mexicanos,"Baja California, Territorio",Hasta 2 499 habitantes,De 10 a 14 años,7711,3988,3723,6845,3533,3312,866,455,411
176,Estados Unidos Mexicanos,"Baja California, Territorio",Hasta 2 499 habitantes,De 15 a 19 años,5837,2983,2854,5230,2654,2576,607,329,278
177,Estados Unidos Mexicanos,"Baja California, Territorio",Hasta 2 499 habitantes,De 20 a 24 años,4672,2422,2250,4115,2132,1983,557,290,267
178,Estados Unidos Mexicanos,"Baja California, Territorio",Hasta 2 499 habitantes,De 25 a 29 años,4022,2127,1895,3559,1900,1659,463,227,236
179,Estados Unidos Mexicanos,"Baja California, Territorio",Hasta 2 499 habitantes,De 30 a 34 años,3083,1675,1408,2699,1484,1215,384,191,193
180,Estados Unidos Mexicanos,"Baja California, Territorio",Hasta 2 499 habitantes,De 35 a 39 años,2926,1583,1343,2494,1366,1128,432,217,215
181,Estados Unidos Mexicanos,"Baja California, Territorio",Hasta 2 499 habitantes,De 40 años y más,10757,5819,4938,7919,4349,3570,2838,1470,1368
182,Estados Unidos Mexicanos,"Baja California, Territorio",De 2 500 a 4 999 habitantes,Total,4186,2066,2120,3769,1866,1903,417,200,217
183,Estados Unidos Mexicanos,"Baja California, Territorio",De 2 500 a 4 999 habitantes,De 6 a 9 años,643,326,317,448,225,223,195,101,94
184,Estados Unidos Mexicanos,"Baja California, Territorio",De 2 500 a 4 999 habitantes,De 10 a 14 años,724,365,359,705,356,349,19,9,10
185,Estados Unidos Mexicanos,"Baja California, Territorio",De 2 500 a 4 999 habitantes,De 15 a 19 años,571,304,267,551,297,254,20,7,13
186,Estados Unidos Mexicanos,"Baja California, Territorio",De 2 500 a 4 999 habitantes,De 20 a 24 años,376,168,208,360,162,198,16,6,10
187,Estados Unidos Mexicanos,"Baja California, Territorio",De 2 500 a 4 999 habitantes,De 25 a 29 años,329,158,171,320,155,165,9,3,6
188,Estados Unidos Mexicanos,"Baja California, Territorio",De 2 500 a 4 999 habitantes,De 30 a 34 años,280,131,149,271,125,146,9,6,3
189,Estados Unidos Mexicanos,"Baja California, Territorio",De 2 500 a 4 999 habitantes,De 35 a 39 años,307,144,163,289,135,154,18,9,9
190,Estados Unidos Mexicanos,"Baja California, Territorio",De 2 500 a 4 999 habitantes,De 40 años y más,956,470,486,825,411,414,131,59,72
191,Estados Unidos Mexicanos,"Baja California, Territorio",De 5 000 a 9 999 habitantes,Total,6011,3072,2939,5348,2742,2606,663,330,333
192,Estados Unidos Mexicanos,"Baja California, Territorio",De 5 000 a 9 999 habitantes,De 6 a 9 años,873,460,413,605,308,297,268,152,116
193,Estados Unidos Mexicanos,"Baja California, Territorio",De 5 000 a 9 999 habitantes,De 10 a 14 años,1091,568,523,1058,550,508,33,18,15
194,Estados Unidos Mexicanos,"Baja California, Territorio",De 5 000 a 9 999 habitantes,De 15 a 19 años,807,417,390,783,405,378,24,12,12
195,Estados Unidos Mexicanos,"Baja California, Territorio",De 5 000 a 9 999 habitantes,De 20 a 24 años,538,248,290,521,241,280,17,7,10
196,Estados Unidos Mexicanos,"Baja California, Territorio",De 5 000 a 9 999 habitantes,De 25 a 29 años,443,224,219,414,215,199,29,9,20
197,Estados Unidos Mexicanos,"Baja California, Territorio",De 5 000 a 9 999 habitantes,De 30 a 34 años,381,202,179,361,194,167,20,8,12
198,Estados Unidos Mexicanos,"Baja California, Territorio",De 5 000 a 9 999 habitantes,De 35 a 39 años,416,211,205,390,205,185,26,6,20
199,Estados Unidos Mexicanos,"Baja California, Territorio",De 5 000 a 9 999 habitantes,De 40 años y más,1462,742,720,1216,624,592,246,118,128
200,Estados Unidos Mexicanos,"Baja California, Territorio",De 10 000 a 19 999 habitantes,Total,8221,4174,4047,6619,3406,3213,1602,768,834
201,Estados Unidos Mexicanos,"Baja California, Territorio",De 10 000 a 19 999 habitantes,De 6 a 9 años,1560,766,794,882,433,449,678,333,345
202,Estados Unidos Mexicanos,"Baja California, Territorio",De 10 000 a 19 999 habitantes,De 10 a 14 años,1492,746,746,1367,686,681,125,60,65
203,Estados Unidos Mexicanos,"Baja California, Territorio",De 10 000 a 19 999 habitantes,De 15 a 19 años,1094,536,558,1007,494,513,87,42,45
204,Estados Unidos Mexicanos,"Baja California, Territorio",De 10 000 a 19 999 habitantes,De 20 a 24 años,847,400,447,746,347,399,101,53,48
205,Estados Unidos Mexicanos,"Baja California, Territorio",De 10 000 a 19 999 habitantes,De 25 a 29 años,752,370,382,652,332,320,100,38,62
206,Estados Unidos Mexicanos,"Baja California, Territorio",De 10 000 a 19 999 habitantes,De 30 a 34 años,581,288,293,492,250,242,89,38,51
207,Estados Unidos Mexicanos,"Baja California, Territorio",De 10 000 a 19 999 habitantes,De 35 a 39 años,557,303,254,460,251,209,97,52,45
208,Estados Unidos Mexicanos,"Baja California, Territorio",De 10 000 a 19 999 habitantes,De 40 años y más,1338,765,573,1013,613,400,325,152,173
209,Estados Unidos Mexicanos,"Baja California, Territorio",De 20 000 a 49 999 habitantes,Total,36446,18284,18162,31465,15898,15567,4981,2386,2595
210,Estados Unidos Mexicanos,"Baja California, Territorio",De 20 000 a 49 999 habitantes,De 6 a 9 años,5762,2959,2803,3601,1827,1774,2161,1132,1029
211,Estados Unidos Mexicanos,"Baja California, Territorio",De 20 000 a 49 999 habitantes,De 10 a 14 años,6282,3185,3097,5970,3016,2954,312,169,143
212,Estados Unidos Mexicanos,"Baja California, Territorio",De 20 000 a 49 999 habitantes,De 15 a 19 años,4987,2513,2474,4707,2392,2315,280,121,159
213,Estados Unidos Mexicanos,"Baja California, Territorio",De 20 000 a 49 999 habitantes,De 20 a 24 años,3979,1916,2063,3687,1793,1894,292,123,169
214,Estados Unidos Mexicanos,"Baja California, Territorio",De 20 000 a 49 999 habitantes,De 25 a 29 años,3115,1527,1588,2849,1410,1439,266,117,149
215,Estados Unidos Mexicanos,"Baja California, Territorio",De 20 000 a 49 999 habitantes,De 30 a 34 años,2521,1308,1213,2317,1224,1093,204,84,120
216,Estados Unidos Mexicanos,"Baja California, Territorio",De 20 000 a 49 999 habitantes,De 35 a 39 años,2406,1249,1157,2180,1151,1029,226,98,128
217,Estados Unidos Mexicanos,"Baja California, Territorio",De 20 000 a 49 999 habitantes,De 40 años y más,7394,3627,3767,6154,3085,3069,1240,542,698
218,Estados Unidos Mexicanos,Campeche,Total,Total,202282,101683,100599,148675,77975,70700,53607,23708,29899
219,Estados Unidos Mexicanos,Campeche,Total,De 6 a 9 años,31444,15625,15819,16829,8397,8432,14615,7228,7387
220,Estados Unidos Mexicanos,Campeche,Total,De 10 a 14 años,33043,16813,16230,28877,14750,14127,4166,2063,2103
221,Estados Unidos Mexicanos,Campeche,Total,De 15 a 19 años,27847,13592,14255,23954,11904,12050,3893,1688,2205
222,Estados Unidos Mexicanos,Campeche,Total,De 20 a 24 años,20848,10122,10726,17058,8630,8428,3790,1492,2298
223,Estados Unidos Mexicanos,Campeche,Total,De 25 a 29 años,16810,8099,8711,13255,6755,6500,3555,1344,2211
224,Estados Unidos Mexicanos,Campeche,Total,De 30 a 34 años,13356,6589,6767,10387,5439,4948,2969,1150,1819
225,Estados Unidos Mexicanos,Campeche,Total,De 35 a 39 años,13712,6817,6895,9896,5401,4495,3816,1416,2400
226,Estados Unidos Mexicanos,Campeche,Total,De 40 años y más,45222,24026,21196,28419,16699,11720,16803,7327,9476
227,Estados Unidos Mexicanos,Campeche,Hasta 2 499 habitantes,Total,70719,37295,33424,44897,25284,19613,25822,12011,13811
228,Estados Unidos Mexicanos,Campeche,Hasta 2 499 habitantes,De 6 a 9 años,12455,6214,6241,5142,2567,2575,7313,3647,3666
229,Estados Unidos Mexicanos,Campeche,Hasta 2 499 habitantes,De 10 a 14 años,11995,6189,5806,9626,4979,4647,2369,1210,1159
230,Estados Unidos Mexicanos,Campeche,Hasta 2 499 habitantes,De 15 a 19 años,9612,4844,4768,7518,3935,3583,2094,909,1185
231,Estados Unidos Mexicanos,Campeche,Hasta 2 499 habitantes,De 20 a 24 años,7406,3837,3569,5378,3015,2363,2028,822,1206
232,Estados Unidos Mexicanos,Campeche,Hasta 2 499 habitantes,De 25 a 29 años,5935,2996,2939,4114,2280,1834,1821,716,1105
233,Estados Unidos Mexicanos,Campeche,Hasta 2 499 habitantes,De 30 a 34 años,4372,2332,2040,2983,1764,1219,1389,568,821
234,Estados Unidos Mexicanos,Campeche,Hasta 2 499 habitantes,De 35 a 39 años,4734,2476,2258,2926,1771,1155,1808,705,1103
235,Estados Unidos Mexicanos,Campeche,Hasta 2 499 habitantes,De 40 años y más,14210,8407,5803,7210,4973,2237,7000,3434,3566
236,Estados Unidos Mexicanos,Campeche,De 2 500 a 4 999 habitantes,Total,24822,12727,12095,16898,9169,7729,7924,3558,4366
237,Estados Unidos Mexicanos,Campeche,De 2 500 a 4 999 habitantes,De 6 a 9 años,3643,1828,1815,2091,1089,1002,1552,739,813
238,Estados Unidos Mexicanos,Campeche,De 2 500 a 4 999 habitantes,De 10 a 14 años,4007,2119,1888,3476,1870,1606,531,249,282
239,Estados Unidos Mexicanos,Campeche,De 2 500 a 4 999 habitantes,De 15 a 19 años,3430,1743,1687,2849,1485,1364,581,258,323
240,Estados Unidos Mexicanos,Campeche,De 2 500 a 4 999 habitantes,De 20 a 24 años,2470,1191,1279,1865,942,923,605,249,356
241,Estados Unidos Mexicanos,Campeche,De 2 500 a 4 999 habitantes,De 25 a 29 años,1933,899,1034,1382,672,710,551,227,324
242,Estados Unidos Mexicanos,Campeche,De 2 500 a 4 999 habitantes,De 30 a 34 años,1622,806,816,1113,599,514,509,207,302
243,Estados Unidos Mexicanos,Campeche,De 2 500 a 4 999 habitantes,De 35 a 39 años,1716,878,838,1051,617,434,665,261,404
244,Estados Unidos Mexicanos,Campeche,De 2 500 a 4 999 habitantes,De 40 años y más,6001,3263,2738,3071,1895,1176,2930,1368,1562
245,Estados Unidos Mexicanos,Campeche,De 5 000 a 9 999 habitantes,Total,21112,10602,10510,15624,8231,7393,5488,2371,3117
246,Estados Unidos Mexicanos,Campeche,De 5 000 a 9 999 habitantes,De 6 a 9 años,3139,1547,1592,1961,972,989,1178,575,603
247,Estados Unidos Mexicanos,Campeche,De 5 000 a 9 999 habitantes,De 10 a 14 años,3677,1876,1801,3326,1708,1618,351,168,183
248,Estados Unidos Mexicanos,Campeche,De 5 000 a 9 999 habitantes,De 15 a 19 años,2980,1474,1506,2576,1293,1283,404,181,223
249,Estados Unidos Mexicanos,Campeche,De 5 000 a 9 999 habitantes,De 20 a 24 años,1952,969,983,1596,835,761,356,134,222
250,Estados Unidos Mexicanos,Campeche,De 5 000 a 9 999 habitantes,De 25 a 29 años,1599,763,836,1251,631,620,348,132,216
251,Estados Unidos Mexicanos,Campeche,De 5 000 a 9 999 habitantes,De 30 a 34 años,1412,661,751,1051,522,529,361,139,222
252,Estados Unidos Mexicanos,Campeche,De 5 000 a 9 999 habitantes,De 35 a 39 años,1449,696,753,1007,537,470,442,159,283
253,Estados Unidos Mexicanos,Campeche,De 5 000 a 9 999 habitantes,De 40 años y más,4904,2616,2288,2856,1733,1123,2048,883,1165
254,Estados Unidos Mexicanos,Campeche,De 20 000 a 49 999 habitantes,Total,28351,13654,14697,23415,11627,11788,4936,2027,2909
255,Estados Unidos Mexicanos,Campeche,De 20 000 a 49 999 habitantes,De 6 a 9 años,4209,2034,2175,2488,1198,1290,1721,836,885
256,Estados Unidos Mexicanos,Campeche,De 20 000 a 49 999 habitantes,De 10 a 14 años,4557,2262,2295,4204,2095,2109,353,167,186
257,Estados Unidos Mexicanos,Campeche,De 20 000 a 49 999 habitantes,De 15 a 19 años,3853,1835,2018,3552,1706,1846,301,129,172
258,Estados Unidos Mexicanos,Campeche,De 20 000 a 49 999 habitantes,De 20 a 24 años,3006,1413,1593,2718,1304,1414,288,109,179
259,Estados Unidos Mexicanos,Campeche,De 20 000 a 49 999 habitantes,De 25 a 29 años,2537,1199,1338,2263,1096,1167,274,103,171
260,Estados Unidos Mexicanos,Campeche,De 20 000 a 49 999 habitantes,De 30 a 34 años,2077,992,1085,1839,911,928,238,81,157
261,Estados Unidos Mexicanos,Campeche,De 20 000 a 49 999 habitantes,De 35 a 39 años,1979,999,980,1716,898,818,263,101,162
262,Estados Unidos Mexicanos,Campeche,De 20 000 a 49 999 habitantes,De 40 años y más,6133,2920,3213,4635,2419,2216,1498,501,997
263,Estados Unidos Mexicanos,Campeche,De 50 000 habitantes y más,Total,57278,27405,29873,47841,23664,24177,9437,3741,5696
264,Estados Unidos Mexicanos,Campeche,De 50 000 habitantes y más,De 6 a 9 años,7998,4002,3996,5147,2571,2576,2851,1431,1420
265,Estados Unidos Mexicanos,Campeche,De 50 000 habitantes y más,De 10 a 14 años,8807,4367,4440,8245,4098,4147,562,269,293
266,Estados Unidos Mexicanos,Campeche,De 50 000 habitantes y más,De 15 a 19 años,7972,3696,4276,7459,3485,3974,513,211,302
267,Estados Unidos Mexicanos,Campeche,De 50 000 habitantes y más,De 20 a 24 años,6014,2712,3302,5501,2534,2967,513,178,335
268,Estados Unidos Mexicanos,Campeche,De 50 000 habitantes y más,De 25 a 29 años,4806,2242,2564,4245,2076,2169,561,166,395
269,Estados Unidos Mexicanos,Campeche,De 50 000 habitantes y más,De 30 a 34 años,3873,1798,2075,3401,1643,1758,472,155,317
270,Estados Unidos Mexicanos,Campeche,De 50 000 habitantes y más,De 35 a 39 años,3834,1768,2066,3196,1578,1618,638,190,448
271,Estados Unidos Mexicanos,Campeche,De 50 000 habitantes y más,De 40 años y más,13974,6820,7154,10647,5679,4968,3327,1141,2186
272,Estados Unidos Mexicanos,Coahuila,Total,Total,889858,447872,441986,740836,375069,365767,149022,72803,76219
273,Estados Unidos Mexicanos,Coahuila,Total,De 6 a 9 años,137775,70820,66955,82067,41125,40942,55708,29695,26013
274,Estados Unidos Mexicanos,Coahuila,Total,De 10 a 14 años,150934,77779,73155,140863,72111,68752,10071,5668,4403
275,Estados Unidos Mexicanos,Coahuila,Total,De 15 a 19 años,117799,59181,58618,109789,55097,54692,8010,4084,3926
276,Estados Unidos Mexicanos,Coahuila,Total,De 20 a 24 años,93422,45395,48027,85373,41679,43694,8049,3716,4333
277,Estados Unidos Mexicanos,Coahuila,Total,De 25 a 29 años,73228,35746,37482,65977,32470,33507,7251,3276,3975
278,Estados Unidos Mexicanos,Coahuila,Total,De 30 a 34 años,60366,29817,30549,53742,26887,26855,6624,2930,3694
279,Estados Unidos Mexicanos,Coahuila,Total,De 35 a 39 años,56084,27913,28171,48686,24716,23970,7398,3197,4201
280,Estados Unidos Mexicanos,Coahuila,Total,De 40 años y más,200250,101221,99029,154339,80984,73355,45911,20237,25674
281,Estados Unidos Mexicanos,Coahuila,Hasta 2 499 habitantes,Total,237286,125951,111335,181145,96731,84414,56141,29220,26921
282,Estados Unidos Mexicanos,Coahuila,Hasta 2 499 habitantes,De 6 a 9 años,39374,20234,19140,21194,10589,10605,18180,9645,8535
283,Estados Unidos Mexicanos,Coahuila,Hasta 2 499 habitantes,De 10 a 14 años,41476,21761,19715,37269,19333,17936,4207,2428,1779
284,Estados Unidos Mexicanos,Coahuila,Hasta 2 499 habitantes,De 15 a 19 años,29840,15820,14020,26504,13975,12529,3336,1845,1491
285,Estados Unidos Mexicanos,Coahuila,Hasta 2 499 habitantes,De 20 a 24 años,23902,12505,11397,20599,10792,9807,3303,1713,1590
286,Estados Unidos Mexicanos,Coahuila,Hasta 2 499 habitantes,De 25 a 29 años,19248,10015,9233,16183,8483,7700,3065,1532,1533
287,Estados Unidos Mexicanos,Coahuila,Hasta 2 499 habitantes,De 30 a 34 años,15590,8254,7336,12849,6900,5949,2741,1354,1387
288,Estados Unidos Mexicanos,Coahuila,Hasta 2 499 habitantes,De 35 a 39 años,14873,7910,6963,11745,6401,5344,3128,1509,1619
289,Estados Unidos Mexicanos,Coahuila,Hasta 2 499 habitantes,De 40 años y más,52983,29452,23531,34802,20258,14544,18181,9194,8987
290,Estados Unidos Mexicanos,Coahuila,De 2 500 a 4 999 habitantes,Total,27219,13907,13312,22668,11617,11051,4551,2290,2261
291,Estados Unidos Mexicanos,Coahuila,De 2 500 a 4 999 habitantes,De 6 a 9 años,4293,2229,2064,2674,1353,1321,1619,876,743
292,Estados Unidos Mexicanos,Coahuila,De 2 500 a 4 999 habitantes,De 10 a 14 años,4585,2336,2249,4384,2228,2156,201,108,93
293,Estados Unidos Mexicanos,Coahuila,De 2 500 a 4 999 habitantes,De 15 a 19 años,3451,1809,1642,3232,1697,1535,219,112,107
294,Estados Unidos Mexicanos,Coahuila,De 2 500 a 4 999 habitantes,De 20 a 24 años,2668,1281,1387,2435,1170,1265,233,111,122
295,Estados Unidos Mexicanos,Coahuila,De 2 500 a 4 999 habitantes,De 25 a 29 años,2158,1063,1095,1938,959,979,220,104,116
296,Estados Unidos Mexicanos,Coahuila,De 2 500 a 4 999 habitantes,De 30 a 34 años,1798,903,895,1584,807,777,214,96,118
297,Estados Unidos Mexicanos,Coahuila,De 2 500 a 4 999 habitantes,De 35 a 39 años,1702,888,814,1446,767,679,256,121,135
298,Estados Unidos Mexicanos,Coahuila,De 2 500 a 4 999 habitantes,De 40 años y más,6564,3398,3166,4975,2636,2339,1589,762,827
299,Estados Unidos Mexicanos,Coahuila,De 5 000 a 9 999 habitantes,Total,38567,19482,19085,33507,16996,16511,5060,2486,2574
300,Estados Unidos Mexicanos,Coahuila,De 5 000 a 9 999 habitantes,De 6 a 9 años,6322,3257,3065,4281,2126,2155,2041,1131,910
301,Estados Unidos Mexicanos,Coahuila,De 5 000 a 9 999 habitantes,De 10 a 14 años,6787,3494,3293,6427,3262,3165,360,232,128
302,Estados Unidos Mexicanos,Coahuila,De 5 000 a 9 999 habitantes,De 15 a 19 años,4902,2524,2378,4664,2393,2271,238,131,107
303,Estados Unidos Mexicanos,Coahuila,De 5 000 a 9 999 habitantes,De 20 a 24 años,3855,1897,1958,3625,1791,1834,230,106,124
304,Estados Unidos Mexicanos,Coahuila,De 5 000 a 9 999 habitantes,De 25 a 29 años,3147,1511,1636,2947,1420,1527,200,91,109
305,Estados Unidos Mexicanos,Coahuila,De 5 000 a 9 999 habitantes,De 30 a 34 años,2707,1316,1391,2500,1244,1256,207,72,135
306,Estados Unidos Mexicanos,Coahuila,De 5 000 a 9 999 habitantes,De 35 a 39 años,2368,1197,1171,2147,1110,1037,221,87,134
307,Estados Unidos Mexicanos,Coahuila,De 5 000 a 9 999 habitantes,De 40 años y más,8479,4286,4193,6916,3650,3266,1563,636,927
308,Estados Unidos Mexicanos,Coahuila,De 10 000 a 19 999 habitantes,Total,69648,34788,34860,58447,29490,28957,11201,5298,5903
309,Estados Unidos Mexicanos,Coahuila,De 10 000 a 19 999 habitantes,De 6 a 9 años,11008,5664,5344,6818,3467,3351,4190,2197,1993
310,Estados Unidos Mexicanos,Coahuila,De 10 000 a 19 999 habitantes,De 10 a 14 años,12177,6309,5868,11420,5888,5532,757,421,336
311,Estados Unidos Mexicanos,Coahuila,De 10 000 a 19 999 habitantes,De 15 a 19 años,8997,4481,4516,8483,4233,4250,514,248,266
312,Estados Unidos Mexicanos,Coahuila,De 10 000 a 19 999 habitantes,De 20 a 24 años,6746,3200,3546,6207,2979,3228,539,221,318
313,Estados Unidos Mexicanos,Coahuila,De 10 000 a 19 999 habitantes,De 25 a 29 años,5351,2560,2791,4869,2357,2512,482,203,279
314,Estados Unidos Mexicanos,Coahuila,De 10 000 a 19 999 habitantes,De 30 a 34 años,4571,2216,2355,4094,2013,2081,477,203,274
315,Estados Unidos Mexicanos,Coahuila,De 10 000 a 19 999 habitantes,De 35 a 39 años,4334,2121,2213,3752,1880,1872,582,241,341
316,Estados Unidos Mexicanos,Coahuila,De 10 000 a 19 999 habitantes,De 40 años y más,16464,8237,8227,12804,6673,6131,3660,1564,2096
317,Estados Unidos Mexicanos,Coahuila,De 20 000 a 49 999 habitantes,Total,145219,70946,74273,127069,62675,64394,18150,8271,9879
318,Estados Unidos Mexicanos,Coahuila,De 20 000 a 49 999 habitantes,De 6 a 9 años,21625,10816,10809,14426,7073,7353,7199,3743,3456
319,Estados Unidos Mexicanos,Coahuila,De 20 000 a 49 999 habitantes,De 10 a 14 años,24635,12235,12400,23711,11745,11966,924,490,434
320,Estados Unidos Mexicanos,Coahuila,De 20 000 a 49 999 habitantes,De 15 a 19 años,19463,9430,10033,18633,9035,9598,830,395,435
321,Estados Unidos Mexicanos,Coahuila,De 20 000 a 49 999 habitantes,De 20 a 24 años,14776,6985,7791,13929,6618,7311,847,367,480
322,Estados Unidos Mexicanos,Coahuila,De 20 000 a 49 999 habitantes,De 25 a 29 años,11358,5407,5951,10612,5102,5510,746,305,441
323,Estados Unidos Mexicanos,Coahuila,De 20 000 a 49 999 habitantes,De 30 a 34 años,9889,4710,5179,9091,4375,4716,798,335,463
324,Estados Unidos Mexicanos,Coahuila,De 20 000 a 49 999 habitantes,De 35 a 39 años,9460,4556,4904,8586,4234,4352,874,322,552
325,Estados Unidos Mexicanos,Coahuila,De 20 000 a 49 999 habitantes,De 40 años y más,34013,16807,17206,28081,14493,13588,5932,2314,3618
326,Estados Unidos Mexicanos,Coahuila,De 50 000 habitantes y más,Total,371919,182798,189121,318000,157560,160440,53919,25238,28681
327,Estados Unidos Mexicanos,Coahuila,De 50 000 habitantes y más,De 6 a 9 años,55153,28620,26533,32674,16517,16157,22479,12103,10376
328,Estados Unidos Mexicanos,Coahuila,De 50 000 habitantes y más,De 10 a 14 años,61274,31644,29630,57652,29655,27997,3622,1989,1633
329,Estados Unidos Mexicanos,Coahuila,De 50 000 habitantes y más,De 15 a 19 años,51146,25117,26029,48273,23764,24509,2873,1353,1520
330,Estados Unidos Mexicanos,Coahuila,De 50 000 habitantes y más,De 20 a 24 años,41475,19527,21948,38578,18329,20249,2897,1198,1699
331,Estados Unidos Mexicanos,Coahuila,De 50 000 habitantes y más,De 25 a 29 años,31966,15190,16776,29428,14149,15279,2538,1041,1497
332,Estados Unidos Mexicanos,Coahuila,De 50 000 habitantes y más,De 30 a 34 años,25811,12418,13393,23624,11548,12076,2187,870,1317
333,Estados Unidos Mexicanos,Coahuila,De 50 000 habitantes y más,De 35 a 39 años,23347,11241,12106,21010,10324,10686,2337,917,1420
334,Estados Unidos Mexicanos,Coahuila,De 50 000 habitantes y más,De 40 años y más,81747,39041,42706,66761,33274,33487,14986,5767,9219
335,Estados Unidos Mexicanos,Colima,Total,Total,191553,95911,95642,144805,73033,71772,46748,22878,23870
336,Estados Unidos Mexicanos,Colima,Total,De 6 a 9 años,31161,15739,15422,16284,8068,8216,14877,7671,7206
337,Estados Unidos Mexicanos,Colima,Total,De 10 a 14 años,33301,17123,16178,29792,15104,14688,3509,2019,1490
338,Estados Unidos Mexicanos,Colima,Total,De 15 a 19 años,26020,12971,13049,23151,11454,11697,2869,1517,1352
339,Estados Unidos Mexicanos,Colima,Total,De 20 a 24 años,19438,9440,9998,16691,8199,8492,2747,1241,1506
340,Estados Unidos Mexicanos,Colima,Total,De 25 a 29 años,15316,7528,7788,12749,6368,6381,2567,1160,1407
341,Estados Unidos Mexicanos,Colima,Total,De 30 a 34 años,11702,5812,5890,9438,4835,4603,2264,977,1287
342,Estados Unidos Mexicanos,Colima,Total,De 35 a 39 años,11536,5744,5792,8582,4425,4157,2954,1319,1635
343,Estados Unidos Mexicanos,Colima,Total,De 40 años y más,43079,21554,21525,28118,14580,13538,14961,6974,7987
344,Estados Unidos Mexicanos,Colima,Hasta 2 499 habitantes,Total,57919,29970,27949,40708,21264,19444,17211,8706,8505
345,Estados Unidos Mexicanos,Colima,Hasta 2 499 habitantes,De 6 a 9 años,10196,5065,5131,4605,2224,2381,5591,2841,2750
346,Estados Unidos Mexicanos,Colima,Hasta 2 499 habitantes,De 10 a 14 años,10484,5527,4957,9181,4754,4427,1303,773,530
347,Estados Unidos Mexicanos,Colima,Hasta 2 499 habitantes,De 15 a 19 años,7539,3937,3602,6498,3371,3127,1041,566,475
348,Estados Unidos Mexicanos,Colima,Hasta 2 499 habitantes,De 20 a 24 años,5589,2865,2724,4646,2421,2225,943,444,499
349,Estados Unidos Mexicanos,Colima,Hasta 2 499 habitantes,De 25 a 29 años,4457,2283,2174,3499,1827,1672,958,456,502
350,Estados Unidos Mexicanos,Colima,Hasta 2 499 habitantes,De 30 a 34 años,3395,1705,1690,2618,1364,1254,777,341,436
351,Estados Unidos Mexicanos,Colima,Hasta 2 499 habitantes,De 35 a 39 años,3494,1804,1690,2408,1296,1112,1086,508,578
352,Estados Unidos Mexicanos,Colima,Hasta 2 499 habitantes,De 40 años y más,12765,6784,5981,7253,4007,3246,5512,2777,2735
353,Estados Unidos Mexicanos,Colima,De 2 500 a 4 999 habitantes,Total,15306,7872,7434,11425,5895,5530,3881,1977,1904
354,Estados Unidos Mexicanos,Colima,De 2 500 a 4 999 habitantes,De 6 a 9 años,2605,1386,1219,1289,679,610,1316,707,609
355,Estados Unidos Mexicanos,Colima,De 2 500 a 4 999 habitantes,De 10 a 14 años,2844,1514,1330,2579,1354,1225,265,160,105
356,Estados Unidos Mexicanos,Colima,De 2 500 a 4 999 habitantes,De 15 a 19 años,2030,1015,1015,1842,905,937,188,110,78
357,Estados Unidos Mexicanos,Colima,De 2 500 a 4 999 habitantes,De 20 a 24 años,1425,695,730,1238,610,628,187,85,102
358,Estados Unidos Mexicanos,Colima,De 2 500 a 4 999 habitantes,De 25 a 29 años,1167,585,582,972,498,474,195,87,108
359,Estados Unidos Mexicanos,Colima,De 2 500 a 4 999 habitantes,De 30 a 34 años,912,448,464,740,377,363,172,71,101
360,Estados Unidos Mexicanos,Colima,De 2 500 a 4 999 habitantes,De 35 a 39 años,944,466,478,672,344,328,272,122,150
361,Estados Unidos Mexicanos,Colima,De 2 500 a 4 999 habitantes,De 40 años y más,3379,1763,1616,2093,1128,965,1286,635,651
362,Estados Unidos Mexicanos,Colima,De 5 000 a 9 999 habitantes,Total,20727,10436,10291,16433,8313,8120,4294,2123,2171
363,Estados Unidos Mexicanos,Colima,De 5 000 a 9 999 habitantes,De 6 a 9 años,3302,1658,1644,1903,919,984,1399,739,660
364,Estados Unidos Mexicanos,Colima,De 5 000 a 9 999 habitantes,De 10 a 14 años,3589,1829,1760,3334,1685,1649,255,144,111
365,Estados Unidos Mexicanos,Colima,De 5 000 a 9 999 habitantes,De 15 a 19 años,2930,1503,1427,2726,1391,1335,204,112,92
366,Estados Unidos Mexicanos,Colima,De 5 000 a 9 999 habitantes,De 20 a 24 años,2067,1029,1038,1861,939,922,206,90,116
367,Estados Unidos Mexicanos,Colima,De 5 000 a 9 999 habitantes,De 25 a 29 años,1618,803,815,1409,710,699,209,93,116
368,Estados Unidos Mexicanos,Colima,De 5 000 a 9 999 habitantes,De 30 a 34 años,1230,624,606,1022,532,490,208,92,116
369,Estados Unidos Mexicanos,Colima,De 5 000 a 9 999 habitantes,De 35 a 39 años,1152,559,593,916,450,466,236,109,127
370,Estados Unidos Mexicanos,Colima,De 5 000 a 9 999 habitantes,De 40 años y más,4839,2431,2408,3262,1687,1575,1577,744,833
371,Estados Unidos Mexicanos,Colima,De 10 000 a 19 999 habitantes,Total,8311,4295,4016,6041,3153,2888,2270,1142,1128
372,Estados Unidos Mexicanos,Colima,De 10 000 a 19 999 habitantes,De 6 a 9 años,1430,751,679,681,342,339,749,409,340
373,Estados Unidos Mexicanos,Colima,De 10 000 a 19 999 habitantes,De 10 a 14 años,1422,760,662,1247,653,594,175,107,68
374,Estados Unidos Mexicanos,Colima,De 10 000 a 19 999 habitantes,De 15 a 19 años,1104,592,512,963,521,442,141,71,70
375,Estados Unidos Mexicanos,Colima,De 10 000 a 19 999 habitantes,De 20 a 24 años,886,438,448,758,381,377,128,57,71
376,Estados Unidos Mexicanos,Colima,De 10 000 a 19 999 habitantes,De 25 a 29 años,711,349,362,563,283,280,148,66,82
377,Estados Unidos Mexicanos,Colima,De 10 000 a 19 999 habitantes,De 30 a 34 años,544,278,266,414,219,195,130,59,71
378,Estados Unidos Mexicanos,Colima,De 10 000 a 19 999 habitantes,De 35 a 39 años,479,240,239,320,166,154,159,74,85
379,Estados Unidos Mexicanos,Colima,De 10 000 a 19 999 habitantes,De 40 años y más,1735,887,848,1095,588,507,640,299,341
380,Estados Unidos Mexicanos,Colima,De 20 000 a 49 999 habitantes,Total,41735,20775,20960,30633,15377,15256,11102,5398,5704
381,Estados Unidos Mexicanos,Colima,De 20 000 a 49 999 habitantes,De 6 a 9 años,6524,3250,3274,3367,1650,1717,3157,1600,1557
382,Estados Unidos Mexicanos,Colima,De 20 000 a 49 999 habitantes,De 10 a 14 años,7062,3567,3495,6055,2982,3073,1007,585,422
383,Estados Unidos Mexicanos,Colima,De 20 000 a 49 999 habitantes,De 15 a 19 años,5698,2739,2959,4827,2286,2541,871,453,418
384,Estados Unidos Mexicanos,Colima,De 20 000 a 49 999 habitantes,De 20 a 24 años,4534,2217,2317,3634,1815,1819,900,402,498
385,Estados Unidos Mexicanos,Colima,De 20 000 a 49 999 habitantes,De 25 a 29 años,3548,1751,1797,2820,1410,1410,728,341,387
386,Estados Unidos Mexicanos,Colima,De 20 000 a 49 999 habitantes,De 30 a 34 años,2705,1379,1326,2071,1089,982,634,290,344
387,Estados Unidos Mexicanos,Colima,De 20 000 a 49 999 habitantes,De 35 a 39 años,2768,1387,1381,2009,1044,965,759,343,416
388,Estados Unidos Mexicanos,Colima,De 20 000 a 49 999 habitantes,De 40 años y más,8896,4485,4411,5850,3101,2749,3046,1384,1662
389,Estados Unidos Mexicanos,Colima,De 50 000 habitantes y más,Total,47555,22563,24992,39565,19031,20534,7990,3532,4458
390,Estados Unidos Mexicanos,Colima,De 50 000 habitantes y más,De 6 a 9 años,7104,3629,3475,4439,2254,2185,2665,1375,1290
391,Estados Unidos Mexicanos,Colima,De 50 000 habitantes y más,De 10 a 14 años,7900,3926,3974,7396,3676,3720,504,250,254
392,Estados Unidos Mexicanos,Colima,De 50 000 habitantes y más,De 15 a 19 años,6719,3185,3534,6295,2980,3315,424,205,219
393,Estados Unidos Mexicanos,Colima,De 50 000 habitantes y más,De 20 a 24 años,4937,2196,2741,4554,2033,2521,383,163,220
394,Estados Unidos Mexicanos,Colima,De 50 000 habitantes y más,De 25 a 29 años,3815,1757,2058,3486,1640,1846,329,117,212
395,Estados Unidos Mexicanos,Colima,De 50 000 habitantes y más,De 30 a 34 años,2916,1378,1538,2573,1254,1319,343,124,219
396,Estados Unidos Mexicanos,Colima,De 50 000 habitantes y más,De 35 a 39 años,2699,1288,1411,2257,1125,1132,442,163,279
397,Estados Unidos Mexicanos,Colima,De 50 000 habitantes y más,De 40 años y más,11465,5204,6261,8565,4069,4496,2900,1135,1765
398,Estados Unidos Mexicanos,Chiapas,Total,Total,1243325,627636,615689,645163,357685,287478,598162,269951,328211
399,Estados Unidos Mexicanos,Chiapas,Total,De 6 a 9 años,207454,107131,100323,57526,29725,27801,149928,77406,72522
400,Estados Unidos Mexicanos,Chiapas,Total,De 10 a 14 años,211639,110753,100886,137984,73873,64111,73655,36880,36775
401,Estados Unidos Mexicanos,Chiapas,Total,De 15 a 19 años,167779,82083,85696,112322,58906,53416,55457,23177,32280
402,Estados Unidos Mexicanos,Chiapas,Total,De 20 a 24 años,135608,63600,72008,81238,43134,38104,54370,20466,33904
403,Estados Unidos Mexicanos,Chiapas,Total,De 25 a 29 años,117004,56154,60850,63899,35396,28503,53105,20758,32347
404,Estados Unidos Mexicanos,Chiapas,Total,De 30 a 34 años,83005,42116,40889,45610,26436,19174,37395,15680,21715
405,Estados Unidos Mexicanos,Chiapas,Total,De 35 a 39 años,83086,41683,41403,44669,25840,18829,38417,15843,22574
406,Estados Unidos Mexicanos,Chiapas,Total,De 40 años y más,237750,124116,113634,101915,64375,37540,135835,59741,76094
407,Estados Unidos Mexicanos,Chiapas,Hasta 2 499 habitantes,Total,887941,457027,430914,400769,233663,167106,487172,223364,263808
408,Estados Unidos Mexicanos,Chiapas,Hasta 2 499 habitantes,De 6 a 9 años,153699,79856,73843,34613,18313,16300,119086,61543,57543
409,Estados Unidos Mexicanos,Chiapas,Hasta 2 499 habitantes,De 10 a 14 años,151845,80470,71375,89840,49392,40448,62005,31078,30927
410,Estados Unidos Mexicanos,Chiapas,Hasta 2 499 habitantes,De 15 a 19 años,118523,58904,59619,72037,39516,32521,46486,19388,27098
411,Estados Unidos Mexicanos,Chiapas,Hasta 2 499 habitantes,De 20 a 24 años,99089,47501,51588,53059,30091,22968,46030,17410,28620
412,Estados Unidos Mexicanos,Chiapas,Hasta 2 499 habitantes,De 25 a 29 años,86796,42460,44336,41471,24510,16961,45325,17950,27375
413,Estados Unidos Mexicanos,Chiapas,Hasta 2 499 habitantes,De 30 a 34 años,59402,30925,28477,28036,17393,10643,31366,13532,17834
414,Estados Unidos Mexicanos,Chiapas,Hasta 2 499 habitantes,De 35 a 39 años,58324,30131,28193,27105,16799,10306,31219,13332,17887
415,Estados Unidos Mexicanos,Chiapas,Hasta 2 499 habitantes,De 40 años y más,160263,86780,73483,54608,37649,16959,105655,49131,56524
416,Estados Unidos Mexicanos,Chiapas,De 2 500 a 4 999 habitantes,Total,86721,43143,43578,54021,28486,25535,32700,14657,18043
417,Estados Unidos Mexicanos,Chiapas,De 2 500 a 4 999 habitantes,De 6 a 9 años,14182,7247,6935,5356,2588,2768,8826,4659,4167
418,Estados Unidos Mexicanos,Chiapas,De 2 500 a 4 999 habitantes,De 10 a 14 años,15289,7905,7384,11592,5944,5648,3697,1961,1736
419,Estados Unidos Mexicanos,Chiapas,De 2 500 a 4 999 habitantes,De 15 a 19 años,11757,5838,5919,8951,4515,4436,2806,1323,1483
420,Estados Unidos Mexicanos,Chiapas,De 2 500 a 4 999 habitantes,De 20 a 24 años,8538,3976,4562,5942,2906,3036,2596,1070,1526
421,Estados Unidos Mexicanos,Chiapas,De 2 500 a 4 999 habitantes,De 25 a 29 años,7300,3424,3876,4865,2486,2379,2435,938,1497
422,Estados Unidos Mexicanos,Chiapas,De 2 500 a 4 999 habitantes,De 30 a 34 años,5448,2672,2776,3695,1997,1698,1753,675,1078
423,Estados Unidos Mexicanos,Chiapas,De 2 500 a 4 999 habitantes,De 35 a 39 años,5972,2840,3132,3873,2082,1791,2099,758,1341
424,Estados Unidos Mexicanos,Chiapas,De 2 500 a 4 999 habitantes,De 40 años y más,18235,9241,8994,9747,5968,3779,8488,3273,5215
425,Estados Unidos Mexicanos,Chiapas,De 5 000 a 9 999 habitantes,Total,60145,29123,31022,36685,18991,17694,23460,10132,13328
426,Estados Unidos Mexicanos,Chiapas,De 5 000 a 9 999 habitantes,De 6 a 9 años,9334,4649,4685,3443,1708,1735,5891,2941,2950
427,Estados Unidos Mexicanos,Chiapas,De 5 000 a 9 999 habitantes,De 10 a 14 años,10120,5134,4986,7425,3808,3617,2695,1326,1369
428,Estados Unidos Mexicanos,Chiapas,De 5 000 a 9 999 habitantes,De 15 a 19 años,7912,3635,4277,5845,2777,3068,2067,858,1209
429,Estados Unidos Mexicanos,Chiapas,De 5 000 a 9 999 habitantes,De 20 a 24 años,6177,2789,3388,4259,2049,2210,1918,740,1178
430,Estados Unidos Mexicanos,Chiapas,De 5 000 a 9 999 habitantes,De 25 a 29 años,4965,2307,2658,3328,1673,1655,1637,634,1003
431,Estados Unidos Mexicanos,Chiapas,De 5 000 a 9 999 habitantes,De 30 a 34 años,4033,1939,2094,2694,1431,1263,1339,508,831
432,Estados Unidos Mexicanos,Chiapas,De 5 000 a 9 999 habitantes,De 35 a 39 años,4135,2026,2109,2656,1435,1221,1479,591,888
433,Estados Unidos Mexicanos,Chiapas,De 5 000 a 9 999 habitantes,De 40 años y más,13469,6644,6825,7035,4110,2925,6434,2534,3900
434,Estados Unidos Mexicanos,Chiapas,De 10 000 a 19 999 habitantes,Total,46512,21803,24709,33968,16943,17025,12544,4860,7684
435,Estados Unidos Mexicanos,Chiapas,De 10 000 a 19 999 habitantes,De 6 a 9 años,7099,3640,3459,3267,1652,1615,3832,1988,1844
436,Estados Unidos Mexicanos,Chiapas,De 10 000 a 19 999 habitantes,De 10 a 14 años,7917,3947,3970,6765,3406,3359,1152,541,611
437,Estados Unidos Mexicanos,Chiapas,De 10 000 a 19 999 habitantes,De 15 a 19 años,6416,2979,3437,5561,2660,2901,855,319,536
438,Estados Unidos Mexicanos,Chiapas,De 10 000 a 19 999 habitantes,De 20 a 24 años,4417,1818,2599,3645,1580,2065,772,238,534
439,Estados Unidos Mexicanos,Chiapas,De 10 000 a 19 999 habitantes,De 25 a 29 años,3691,1593,2098,2922,1342,1580,769,251,518
440,Estados Unidos Mexicanos,Chiapas,De 10 000 a 19 999 habitantes,De 30 a 34 años,3069,1387,1682,2451,1200,1251,618,187,431
441,Estados Unidos Mexicanos,Chiapas,De 10 000 a 19 999 habitantes,De 35 a 39 años,3303,1457,1846,2505,1233,1272,798,224,574
442,Estados Unidos Mexicanos,Chiapas,De 10 000 a 19 999 habitantes,De 40 años y más,10600,4982,5618,6852,3870,2982,3748,1112,2636
443,Estados Unidos Mexicanos,Chiapas,De 20 000 a 49 999 habitantes,Total,56924,26856,30068,38095,18801,19294,18829,8055,10774
444,Estados Unidos Mexicanos,Chiapas,De 20 000 a 49 999 habitantes,De 6 a 9 años,8943,4487,4456,3600,1761,1839,5343,2726,2617
445,Estados Unidos Mexicanos,Chiapas,De 20 000 a 49 999 habitantes,De 10 a 14 años,9731,4930,4801,7603,3886,3717,2128,1044,1084
446,Estados Unidos Mexicanos,Chiapas,De 20 000 a 49 999 habitantes,De 15 a 19 años,7709,3567,4142,6142,2916,3226,1567,651,916
447,Estados Unidos Mexicanos,Chiapas,De 20 000 a 49 999 habitantes,De 20 a 24 años,5750,2512,3238,4369,1993,2376,1381,519,862
448,Estados Unidos Mexicanos,Chiapas,De 20 000 a 49 999 habitantes,De 25 a 29 años,4861,2197,2664,3536,1687,1849,1325,510,815
449,Estados Unidos Mexicanos,Chiapas,De 20 000 a 49 999 habitantes,De 30 a 34 años,3681,1729,1952,2616,1316,1300,1065,413,652
450,Estados Unidos Mexicanos,Chiapas,De 20 000 a 49 999 habitantes,De 35 a 39 años,3889,1805,2084,2612,1315,1297,1277,490,787
451,Estados Unidos Mexicanos,Chiapas,De 20 000 a 49 999 habitantes,De 40 años y más,12360,5629,6731,7617,3927,3690,4743,1702,3041
452,Estados Unidos Mexicanos,Chiapas,De 50 000 habitantes y más,Total,105082,49684,55398,81625,40801,40824,23457,8883,14574
453,Estados Unidos Mexicanos,Chiapas,De 50 000 habitantes y más,De 6 a 9 años,14197,7252,6945,7247,3703,3544,6950,3549,3401
454,Estados Unidos Mexicanos,Chiapas,De 50 000 habitantes y más,De 10 a 14 años,16737,8367,8370,14759,7437,7322,1978,930,1048
455,Estados Unidos Mexicanos,Chiapas,De 50 000 habitantes y más,De 15 a 19 años,15462,7160,8302,13786,6522,7264,1676,638,1038
456,Estados Unidos Mexicanos,Chiapas,De 50 000 habitantes y más,De 20 a 24 años,11637,5004,6633,9964,4515,5449,1673,489,1184
457,Estados Unidos Mexicanos,Chiapas,De 50 000 habitantes y más,De 25 a 29 años,9391,4173,5218,7777,3698,4079,1614,475,1139
458,Estados Unidos Mexicanos,Chiapas,De 50 000 habitantes y más,De 30 a 34 años,7372,3464,3908,6118,3099,3019,1254,365,889
459,Estados Unidos Mexicanos,Chiapas,De 50 000 habitantes y más,De 35 a 39 años,7463,3424,4039,5918,2976,2942,1545,448,1097
460,Estados Unidos Mexicanos,Chiapas,De 50 000 habitantes y más,De 40 años y más,22823,10840,11983,16056,8851,7205,6767,1989,4778
461,Estados Unidos Mexicanos,Chihuahua,Total,Total,1282884,643488,639396,1045258,521560,523698,237626,121928,115698
462,Estados Unidos Mexicanos,Chihuahua,Total,De 6 a 9 años,205027,105104,99923,106793,53013,53780,98234,52091,46143
463,Estados Unidos Mexicanos,Chihuahua,Total,De 10 a 14 años,218730,112304,106426,200288,101780,98508,18442,10524,7918
464,Estados Unidos Mexicanos,Chihuahua,Total,De 15 a 19 años,167752,83189,84563,154756,76347,78409,12996,6842,6154
465,Estados Unidos Mexicanos,Chihuahua,Total,De 20 a 24 años,132792,63595,69197,120535,57674,62861,12257,5921,6336
466,Estados Unidos Mexicanos,Chihuahua,Total,De 25 a 29 años,107157,52028,55129,95127,46266,48861,12030,5762,6268
467,Estados Unidos Mexicanos,Chihuahua,Total,De 30 a 34 años,89330,44276,45054,79029,39226,39803,10301,5050,5251
468,Estados Unidos Mexicanos,Chihuahua,Total,De 35 a 39 años,81870,40938,40932,70535,35433,35102,11335,5505,5830
469,Estados Unidos Mexicanos,Chihuahua,Total,De 40 años y más,280226,142054,138172,218195,111821,106374,62031,30233,31798
470,Estados Unidos Mexicanos,Chihuahua,Hasta 2 499 habitantes,Total,438089,229170,208919,323773,167988,155785,114316,61182,53134
471,Estados Unidos Mexicanos,Chihuahua,Hasta 2 499 habitantes,De 6 a 9 años,73336,37967,35369,35602,17833,17769,37734,20134,17600
472,Estados Unidos Mexicanos,Chihuahua,Hasta 2 499 habitantes,De 10 a 14 años,73860,38387,35473,63907,32767,31140,9953,5620,4333
473,Estados Unidos Mexicanos,Chihuahua,Hasta 2 499 habitantes,De 15 a 19 años,54810,28200,26610,47254,24174,23080,7556,4026,3530
474,Estados Unidos Mexicanos,Chihuahua,Hasta 2 499 habitantes,De 20 a 24 años,45469,23093,22376,37953,19305,18648,7516,3788,3728
475,Estados Unidos Mexicanos,Chihuahua,Hasta 2 499 habitantes,De 25 a 29 años,37501,19308,18193,29880,15461,14419,7621,3847,3774
476,Estados Unidos Mexicanos,Chihuahua,Hasta 2 499 habitantes,De 30 a 34 años,29830,15676,14154,23823,12476,11347,6007,3200,2807
477,Estados Unidos Mexicanos,Chihuahua,Hasta 2 499 habitantes,De 35 a 39 años,27608,14634,12974,21201,11245,9956,6407,3389,3018
478,Estados Unidos Mexicanos,Chihuahua,Hasta 2 499 habitantes,De 40 años y más,95675,51905,43770,64153,34727,29426,31522,17178,14344
479,Estados Unidos Mexicanos,Chihuahua,De 2 500 a 4 999 habitantes,Total,65478,32605,32873,55395,27561,27834,10083,5044,5039
480,Estados Unidos Mexicanos,Chihuahua,De 2 500 a 4 999 habitantes,De 6 a 9 años,10904,5229,5675,5975,2778,3197,4929,2451,2478
481,Estados Unidos Mexicanos,Chihuahua,De 2 500 a 4 999 habitantes,De 10 a 14 años,11713,5750,5963,11132,5428,5704,581,322,259
482,Estados Unidos Mexicanos,Chihuahua,De 2 500 a 4 999 habitantes,De 15 a 19 años,8382,4084,4298,8011,3901,4110,371,183,188
483,Estados Unidos Mexicanos,Chihuahua,De 2 500 a 4 999 habitantes,De 20 a 24 años,6642,3205,3437,6247,3021,3226,395,184,211
484,Estados Unidos Mexicanos,Chihuahua,De 2 500 a 4 999 habitantes,De 25 a 29 años,5324,2672,2652,4964,2494,2470,360,178,182
485,Estados Unidos Mexicanos,Chihuahua,De 2 500 a 4 999 habitantes,De 30 a 34 años,4408,2222,2186,4071,2062,2009,337,160,177
486,Estados Unidos Mexicanos,Chihuahua,De 2 500 a 4 999 habitantes,De 35 a 39 años,4259,2205,2054,3824,1989,1835,435,216,219
487,Estados Unidos Mexicanos,Chihuahua,De 2 500 a 4 999 habitantes,De 40 años y más,13846,7238,6608,11171,5888,5283,2675,1350,1325
488,Estados Unidos Mexicanos,Chihuahua,De 5 000 a 9 999 habitantes,Total,34780,18036,16744,28652,14713,13939,6128,3323,2805
489,Estados Unidos Mexicanos,Chihuahua,De 5 000 a 9 999 habitantes,De 6 a 9 años,5827,3195,2632,2941,1565,1376,2886,1630,1256
490,Estados Unidos Mexicanos,Chihuahua,De 5 000 a 9 999 habitantes,De 10 a 14 años,6214,3315,2899,5746,3037,2709,468,278,190
491,Estados Unidos Mexicanos,Chihuahua,De 5 000 a 9 999 habitantes,De 15 a 19 años,4448,2230,2218,4180,2081,2099,268,149,119
492,Estados Unidos Mexicanos,Chihuahua,De 5 000 a 9 999 habitantes,De 20 a 24 años,3471,1711,1760,3231,1587,1644,240,124,116
493,Estados Unidos Mexicanos,Chihuahua,De 5 000 a 9 999 habitantes,De 25 a 29 años,2726,1364,1362,2522,1250,1272,204,114,90
494,Estados Unidos Mexicanos,Chihuahua,De 5 000 a 9 999 habitantes,De 30 a 34 años,2360,1174,1186,2143,1074,1069,217,100,117
495,Estados Unidos Mexicanos,Chihuahua,De 5 000 a 9 999 habitantes,De 35 a 39 años,2238,1112,1126,1963,976,987,275,136,139
496,Estados Unidos Mexicanos,Chihuahua,De 5 000 a 9 999 habitantes,De 40 años y más,7496,3935,3561,5926,3143,2783,1570,792,778
497,Estados Unidos Mexicanos,Chihuahua,De 10 000 a 19 999 habitantes,Total,66498,33744,32754,56714,28648,28066,9784,5096,4688
498,Estados Unidos Mexicanos,Chihuahua,De 10 000 a 19 999 habitantes,De 6 a 9 años,10927,5718,5209,6384,3230,3154,4543,2488,2055
499,Estados Unidos Mexicanos,Chihuahua,De 10 000 a 19 999 habitantes,De 10 a 14 años,12197,6419,5778,11578,6010,5568,619,409,210
500,Estados Unidos Mexicanos,Chihuahua,De 10 000 a 19 999 habitantes,De 15 a 19 años,8419,4204,4215,8003,3958,4045,416,246,170
501,Estados Unidos Mexicanos,Chihuahua,De 10 000 a 19 999 habitantes,De 20 a 24 años,6191,2988,3203,5841,2812,3029,350,176,174
502,Estados Unidos Mexicanos,Chihuahua,De 10 000 a 19 999 habitantes,De 25 a 29 años,5139,2461,2678,4801,2306,2495,338,155,183
503,Estados Unidos Mexicanos,Chihuahua,De 10 000 a 19 999 habitantes,De 30 a 34 años,4723,2285,2438,4360,2122,2238,363,163,200
504,Estados Unidos Mexicanos,Chihuahua,De 10 000 a 19 999 habitantes,De 35 a 39 años,4439,2267,2172,3995,2045,1950,444,222,222
505,Estados Unidos Mexicanos,Chihuahua,De 10 000 a 19 999 habitantes,De 40 años y más,14463,7402,7061,11752,6165,5587,2711,1237,1474
506,Estados Unidos Mexicanos,Chihuahua,De 20 000 a 49 999 habitantes,Total,56356,27581,28775,48419,23576,24843,7937,4005,3932
507,Estados Unidos Mexicanos,Chihuahua,De 20 000 a 49 999 habitantes,De 6 a 9 años,9167,4586,4581,5268,2578,2690,3899,2008,1891
508,Estados Unidos Mexicanos,Chihuahua,De 20 000 a 49 999 habitantes,De 10 a 14 años,9767,4891,4876,9271,4601,4670,496,290,206
509,Estados Unidos Mexicanos,Chihuahua,De 20 000 a 49 999 habitantes,De 15 a 19 años,7425,3552,3873,7078,3384,3694,347,168,179
510,Estados Unidos Mexicanos,Chihuahua,De 20 000 a 49 999 habitantes,De 20 a 24 años,5662,2521,3141,5373,2380,2993,289,141,148
511,Estados Unidos Mexicanos,Chihuahua,De 20 000 a 49 999 habitantes,De 25 a 29 años,4771,2291,2480,4468,2134,2334,303,157,146
512,Estados Unidos Mexicanos,Chihuahua,De 20 000 a 49 999 habitantes,De 30 a 34 años,3818,1870,1948,3510,1730,1780,308,140,168
513,Estados Unidos Mexicanos,Chihuahua,De 20 000 a 49 999 habitantes,De 35 a 39 años,3566,1746,1820,3274,1611,1663,292,135,157
514,Estados Unidos Mexicanos,Chihuahua,De 20 000 a 49 999 habitantes,De 40 años y más,12180,6124,6056,10177,5158,5019,2003,966,1037
515,Estados Unidos Mexicanos,Chihuahua,De 50 000 habitantes y más,Total,621683,302352,319331,532305,259074,273231,89378,43278,46100
516,Estados Unidos Mexicanos,Chihuahua,De 50 000 habitantes y más,De 6 a 9 años,94866,48409,46457,50623,25029,25594,44243,23380,20863
517,Estados Unidos Mexicanos,Chihuahua,De 50 000 habitantes y más,De 10 a 14 años,104979,53542,51437,98654,49937,48717,6325,3605,2720
518,Estados Unidos Mexicanos,Chihuahua,De 50 000 habitantes y más,De 15 a 19 años,84268,40919,43349,80230,38849,41381,4038,2070,1968
519,Estados Unidos Mexicanos,Chihuahua,De 50 000 habitantes y más,De 20 a 24 años,65357,30077,35280,61890,28569,33321,3467,1508,1959
520,Estados Unidos Mexicanos,Chihuahua,De 50 000 habitantes y más,De 25 a 29 años,51696,23932,27764,48492,22621,25871,3204,1311,1893
521,Estados Unidos Mexicanos,Chihuahua,De 50 000 habitantes y más,De 30 a 34 años,44191,21049,23142,41122,19762,21360,3069,1287,1782
522,Estados Unidos Mexicanos,Chihuahua,De 50 000 habitantes y más,De 35 a 39 años,39760,18974,20786,36278,17567,18711,3482,1407,2075
523,Estados Unidos Mexicanos,Chihuahua,De 50 000 habitantes y más,De 40 años y más,136566,65450,71116,115016,56740,58276,21550,8710,12840
524,Estados Unidos Mexicanos,Distrito Federal,Total,Total,5613618,2677684,2935934,4907036,2411574,2495462,706582,266110,440472
525,Estados Unidos Mexicanos,Distrito Federal,Total,De 6 a 9 años,754808,381544,373264,489841,245882,243959,264967,135662,129305
526,Estados Unidos Mexicanos,Distrito Federal,Total,De 10 a 14 años,835289,413594,421695,797722,396421,401301,37567,17173,20394
527,Estados Unidos Mexicanos,Distrito Federal,Total,De 15 a 19 años,780424,366049,414375,745067,354627,390440,35357,11422,23935
528,Estados Unidos Mexicanos,Distrito Federal,Total,De 20 a 24 años,688295,328336,359959,650317,316947,333370,37978,11389,26589
529,Estados Unidos Mexicanos,Distrito Federal,Total,De 25 a 29 años,526980,256017,270963,488098,244417,243681,38882,11600,27282
530,Estados Unidos Mexicanos,Distrito Federal,Total,De 30 a 34 años,404036,195939,208097,368660,185474,183186,35376,10465,24911
531,Estados Unidos Mexicanos,Distrito Federal,Total,De 35 a 39 años,373206,175776,197430,330589,164051,166538,42617,11725,30892
532,Estados Unidos Mexicanos,Distrito Federal,Total,De 40 años y más,1250580,560429,690151,1036742,503755,532987,213838,56674,157164
533,Estados Unidos Mexicanos,Distrito Federal,Hasta 2 499 habitantes,Total,180894,90621,90273,145158,75255,69903,35736,15366,20370
534,Estados Unidos Mexicanos,Distrito Federal,Hasta 2 499 habitantes,De 6 a 9 años,28723,14863,13860,16272,8174,8098,12451,6689,5762
535,Estados Unidos Mexicanos,Distrito Federal,Hasta 2 499 habitantes,De 10 a 14 años,29383,15126,14257,27007,13769,13238,2376,1357,1019
536,Estados Unidos Mexicanos,Distrito Federal,Hasta 2 499 habitantes,De 15 a 19 años,24231,11815,12416,22334,10950,11384,1897,865,1032
537,Estados Unidos Mexicanos,Distrito Federal,Hasta 2 499 habitantes,De 20 a 24 años,21096,10274,10822,18894,9474,9420,2202,800,1402
538,Estados Unidos Mexicanos,Distrito Federal,Hasta 2 499 habitantes,De 25 a 29 años,16848,8413,8435,14476,7595,6881,2372,818,1554
539,Estados Unidos Mexicanos,Distrito Federal,Hasta 2 499 habitantes,De 30 a 34 años,12991,6623,6368,10917,5872,5045,2074,751,1323
540,Estados Unidos Mexicanos,Distrito Federal,Hasta 2 499 habitantes,De 35 a 39 años,12498,6239,6259,10046,5435,4611,2452,804,1648
541,Estados Unidos Mexicanos,Distrito Federal,Hasta 2 499 habitantes,De 40 años y más,35124,17268,17856,25212,13986,11226,9912,3282,6630
542,Estados Unidos Mexicanos,Distrito Federal,De 2 500 a 4 999 habitantes,Total,391495,190454,201041,331273,166895,164378,60222,23559,36663
543,Estados Unidos Mexicanos,Distrito Federal,De 2 500 a 4 999 habitantes,De 6 a 9 años,59295,30105,29190,36621,18490,18131,22674,11615,11059
544,Estados Unidos Mexicanos,Distrito Federal,De 2 500 a 4 999 habitantes,De 10 a 14 años,63808,31927,31881,60369,30324,30045,3439,1603,1836
545,Estados Unidos Mexicanos,Distrito Federal,De 2 500 a 4 999 habitantes,De 15 a 19 años,54230,25892,28338,51376,24896,26480,2854,996,1858
546,Estados Unidos Mexicanos,Distrito Federal,De 2 500 a 4 999 habitantes,De 20 a 24 años,45401,21663,23738,42216,20655,21561,3185,1008,2177
547,Estados Unidos Mexicanos,Distrito Federal,De 2 500 a 4 999 habitantes,De 25 a 29 años,34845,16958,17887,31392,15875,15517,3453,1083,2370
548,Estados Unidos Mexicanos,Distrito Federal,De 2 500 a 4 999 habitantes,De 30 a 34 años,27783,13518,14265,24644,12540,12104,3139,978,2161
549,Estados Unidos Mexicanos,Distrito Federal,De 2 500 a 4 999 habitantes,De 35 a 39 años,26141,12621,13520,22324,11541,10783,3817,1080,2737
550,Estados Unidos Mexicanos,Distrito Federal,De 2 500 a 4 999 habitantes,De 40 años y más,79992,37770,42222,62331,32574,29757,17661,5196,12465
551,Estados Unidos Mexicanos,Distrito Federal,De 5 000 a 9 999 habitantes,Total,627743,305864,321879,528029,266613,261416,99714,39251,60463
552,Estados Unidos Mexicanos,Distrito Federal,De 5 000 a 9 999 habitantes,De 6 a 9 años,95857,48101,47756,58707,29237,29470,37150,18864,18286
553,Estados Unidos Mexicanos,Distrito Federal,De 5 000 a 9 999 habitantes,De 10 a 14 años,101274,50278,50996,95641,47711,47930,5633,2567,3066
554,Estados Unidos Mexicanos,Distrito Federal,De 5 000 a 9 999 habitantes,De 15 a 19 años,85583,41266,44317,81071,39627,41444,4512,1639,2873
555,Estados Unidos Mexicanos,Distrito Federal,De 5 000 a 9 999 habitantes,De 20 a 24 años,74070,35395,38675,68653,33653,35000,5417,1742,3675
556,Estados Unidos Mexicanos,Distrito Federal,De 5 000 a 9 999 habitantes,De 25 a 29 años,57667,28408,29259,51781,26553,25228,5886,1855,4031
557,Estados Unidos Mexicanos,Distrito Federal,De 5 000 a 9 999 habitantes,De 30 a 34 años,45417,22459,22958,39884,20634,19250,5533,1825,3708
558,Estados Unidos Mexicanos,Distrito Federal,De 5 000 a 9 999 habitantes,De 35 a 39 años,42633,20662,21971,35946,18660,17286,6687,2002,4685
559,Estados Unidos Mexicanos,Distrito Federal,De 5 000 a 9 999 habitantes,De 40 años y más,125242,59295,65947,96346,50538,45808,28896,8757,20139
560,Estados Unidos Mexicanos,Distrito Federal,De 10 000 a 19 999 habitantes,Total,891826,429909,461917,768205,382040,386165,123621,47869,75752
561,Estados Unidos Mexicanos,Distrito Federal,De 10 000 a 19 999 habitantes,De 6 a 9 años,129538,65575,63963,82166,41407,40759,47372,24168,23204
562,Estados Unidos Mexicanos,Distrito Federal,De 10 000 a 19 999 habitantes,De 10 a 14 años,140706,69832,70874,134023,66790,67233,6683,3042,3641
563,Estados Unidos Mexicanos,Distrito Federal,De 10 000 a 19 999 habitantes,De 15 a 19 años,124247,58534,65713,118061,56522,61539,6186,2012,4174
564,Estados Unidos Mexicanos,Distrito Federal,De 10 000 a 19 999 habitantes,De 20 a 24 años,105904,50219,55685,99020,48067,50953,6884,2152,4732
565,Estados Unidos Mexicanos,Distrito Federal,De 10 000 a 19 999 habitantes,De 25 a 29 años,82361,39862,42499,75245,37650,37595,7116,2212,4904
566,Estados Unidos Mexicanos,Distrito Federal,De 10 000 a 19 999 habitantes,De 30 a 34 años,63945,31146,32799,57440,29151,28289,6505,1995,4510
567,Estados Unidos Mexicanos,Distrito Federal,De 10 000 a 19 999 habitantes,De 35 a 39 años,60496,28755,31741,52648,26491,26157,7848,2264,5584
568,Estados Unidos Mexicanos,Distrito Federal,De 10 000 a 19 999 habitantes,De 40 años y más,184629,85986,98643,149602,75962,73640,35027,10024,25003
569,Estados Unidos Mexicanos,Distrito Federal,De 20 000 a 49 999 habitantes,Total,838797,409789,429008,717279,360571,356708,121518,49218,72300
570,Estados Unidos Mexicanos,Distrito Federal,De 20 000 a 49 999 habitantes,De 6 a 9 años,122597,62723,59874,75490,37986,37504,47107,24737,22370
571,Estados Unidos Mexicanos,Distrito Federal,De 20 000 a 49 999 habitantes,De 10 a 14 años,131824,66254,65570,124705,62585,62120,7119,3669,3450
572,Estados Unidos Mexicanos,Distrito Federal,De 20 000 a 49 999 habitantes,De 15 a 19 años,115983,56063,59920,110022,53667,56355,5961,2396,3565
573,Estados Unidos Mexicanos,Distrito Federal,De 20 000 a 49 999 habitantes,De 20 a 24 años,102314,49353,52961,95726,47095,48631,6588,2258,4330
574,Estados Unidos Mexicanos,Distrito Federal,De 20 000 a 49 999 habitantes,De 25 a 29 años,79764,39475,40289,73064,37344,35720,6700,2131,4569
575,Estados Unidos Mexicanos,Distrito Federal,De 20 000 a 49 999 habitantes,De 30 a 34 años,60529,30054,30475,54490,28159,26331,6039,1895,4144
576,Estados Unidos Mexicanos,Distrito Federal,De 20 000 a 49 999 habitantes,De 35 a 39 años,54834,26594,28240,47700,24500,23200,7134,2094,5040
577,Estados Unidos Mexicanos,Distrito Federal,De 20 000 a 49 999 habitantes,De 40 años y más,170952,79273,91679,136082,69235,66847,34870,10038,24832
578,Estados Unidos Mexicanos,Distrito Federal,De 50 000 habitantes y más,Total,2682863,1251047,1431816,2417092,1160200,1256892,265771,90847,174924
579,Estados Unidos Mexicanos,Distrito Federal,De 50 000 habitantes y más,De 6 a 9 años,318798,160177,158621,220585,110588,109997,98213,49589,48624
580,Estados Unidos Mexicanos,Distrito Federal,De 50 000 habitantes y más,De 10 a 14 años,368294,180177,188117,355977,175242,180735,12317,4935,7382
581,Estados Unidos Mexicanos,Distrito Federal,De 50 000 habitantes y más,De 15 a 19 años,376150,172479,203671,362203,168965,193238,13947,3514,10433
582,Estados Unidos Mexicanos,Distrito Federal,De 50 000 habitantes y más,De 20 a 24 años,339510,161432,178078,325808,158003,167805,13702,3429,10273
583,Estados Unidos Mexicanos,Distrito Federal,De 50 000 habitantes y más,De 25 a 29 años,255495,122901,132594,242140,119400,122740,13355,3501,9854
584,Estados Unidos Mexicanos,Distrito Federal,De 50 000 habitantes y más,De 30 a 34 años,193371,92139,101232,181285,89118,92167,12086,3021,9065
585,Estados Unidos Mexicanos,Distrito Federal,De 50 000 habitantes y más,De 35 a 39 años,176604,80905,95699,161925,77424,84501,14679,3481,11198
586,Estados Unidos Mexicanos,Distrito Federal,De 50 000 habitantes y más,De 40 años y más,654641,280837,373804,567169,261460,305709,87472,19377,68095
587,Estados Unidos Mexicanos,Durango,Total,Total,734340,373126,361214,588293,297450,290843,146047,75676,70371
588,Estados Unidos Mexicanos,Durango,Total,De 6 a 9 años,123401,63759,59642,64884,32335,32549,58517,31424,27093
589,Estados Unidos Mexicanos,Durango,Total,De 10 a 14 años,129972,67131,62841,117478,60004,57474,12494,7127,5367
590,Estados Unidos Mexicanos,Durango,Total,De 15 a 19 años,95243,48270,46973,87075,43906,43169,8168,4364,3804
591,Estados Unidos Mexicanos,Durango,Total,De 20 a 24 años,73152,35725,37427,66061,32264,33797,7091,3461,3630
592,Estados Unidos Mexicanos,Durango,Total,De 25 a 29 años,57954,28436,29518,51724,25406,26318,6230,3030,3200
593,Estados Unidos Mexicanos,Durango,Total,De 30 a 34 años,48003,24106,23897,42502,21409,21093,5501,2697,2804
594,Estados Unidos Mexicanos,Durango,Total,De 35 a 39 años,46737,23369,23368,40454,20343,20111,6283,3026,3257
595,Estados Unidos Mexicanos,Durango,Total,De 40 años y más,159878,82330,77548,118115,61783,56332,41763,20547,21216
596,Estados Unidos Mexicanos,Durango,Hasta 2 499 habitantes,Total,424701,219677,205024,324535,167036,157499,100166,52641,47525
597,Estados Unidos Mexicanos,Durango,Hasta 2 499 habitantes,De 6 a 9 años,73970,37806,36164,36581,18033,18548,37389,19773,17616
598,Estados Unidos Mexicanos,Durango,Hasta 2 499 habitantes,De 10 a 14 años,75694,38968,36726,66595,33821,32774,9099,5147,3952
599,Estados Unidos Mexicanos,Durango,Hasta 2 499 habitantes,De 15 a 19 años,53546,27474,26072,47503,24184,23319,6043,3290,2753
600,Estados Unidos Mexicanos,Durango,Hasta 2 499 habitantes,De 20 a 24 años,41818,21067,20751,36682,18485,18197,5136,2582,2554
601,Estados Unidos Mexicanos,Durango,Hasta 2 499 habitantes,De 25 a 29 años,33951,17181,16770,29335,14874,14461,4616,2307,2309
602,Estados Unidos Mexicanos,Durango,Hasta 2 499 habitantes,De 30 a 34 años,27799,14490,13309,23824,12472,11352,3975,2018,1957
603,Estados Unidos Mexicanos,Durango,Hasta 2 499 habitantes,De 35 a 39 años,26984,13875,13109,22438,11643,10795,4546,2232,2314
604,Estados Unidos Mexicanos,Durango,Hasta 2 499 habitantes,De 40 años y más,90939,48816,42123,61577,33524,28053,29362,15292,14070
605,Estados Unidos Mexicanos,Durango,De 2 500 a 4 999 habitantes,Total,69060,35664,33396,56194,28946,27248,12866,6718,6148
606,Estados Unidos Mexicanos,Durango,De 2 500 a 4 999 habitantes,De 6 a 9 años,11763,6299,5464,6255,3211,3044,5508,3088,2420
607,Estados Unidos Mexicanos,Durango,De 2 500 a 4 999 habitantes,De 10 a 14 años,12599,6780,5819,11657,6217,5440,942,563,379
608,Estados Unidos Mexicanos,Durango,De 2 500 a 4 999 habitantes,De 15 a 19 años,8523,4482,4041,7938,4167,3771,585,315,270
609,Estados Unidos Mexicanos,Durango,De 2 500 a 4 999 habitantes,De 20 a 24 años,6664,3242,3422,6143,2988,3155,521,254,267
610,Estados Unidos Mexicanos,Durango,De 2 500 a 4 999 habitantes,De 25 a 29 años,5130,2484,2646,4610,2238,2372,520,246,274
611,Estados Unidos Mexicanos,Durango,De 2 500 a 4 999 habitantes,De 30 a 34 años,4365,2162,2203,3917,1961,1956,448,201,247
612,Estados Unidos Mexicanos,Durango,De 2 500 a 4 999 habitantes,De 35 a 39 años,4331,2185,2146,3844,1924,1920,487,261,226
613,Estados Unidos Mexicanos,Durango,De 2 500 a 4 999 habitantes,De 40 años y más,15685,8030,7655,11830,6240,5590,3855,1790,2065
614,Estados Unidos Mexicanos,Durango,De 5 000 a 9 999 habitantes,Total,40187,20344,19843,34101,17339,16762,6086,3005,3081
615,Estados Unidos Mexicanos,Durango,De 5 000 a 9 999 habitantes,De 6 a 9 años,6698,3528,3170,4117,2116,2001,2581,1412,1169
616,Estados Unidos Mexicanos,Durango,De 5 000 a 9 999 habitantes,De 10 a 14 años,7463,3964,3499,7030,3718,3312,433,246,187
617,Estados Unidos Mexicanos,Durango,De 5 000 a 9 999 habitantes,De 15 a 19 años,5259,2640,2619,4982,2510,2472,277,130,147
618,Estados Unidos Mexicanos,Durango,De 5 000 a 9 999 habitantes,De 20 a 24 años,3810,1817,1993,3560,1701,1859,250,116,134
619,Estados Unidos Mexicanos,Durango,De 5 000 a 9 999 habitantes,De 25 a 29 años,2975,1431,1544,2773,1345,1428,202,86,116
620,Estados Unidos Mexicanos,Durango,De 5 000 a 9 999 habitantes,De 30 a 34 años,2482,1167,1315,2303,1092,1211,179,75,104
621,Estados Unidos Mexicanos,Durango,De 5 000 a 9 999 habitantes,De 35 a 39 años,2480,1193,1287,2235,1089,1146,245,104,141
622,Estados Unidos Mexicanos,Durango,De 5 000 a 9 999 habitantes,De 40 años y más,9020,4604,4416,7101,3768,3333,1919,836,1083
623,Estados Unidos Mexicanos,Durango,De 10 000 a 19 999 habitantes,Total,15918,7817,8101,13670,6650,7020,2248,1167,1081
624,Estados Unidos Mexicanos,Durango,De 10 000 a 19 999 habitantes,De 6 a 9 años,2370,1202,1168,1230,583,647,1140,619,521
625,Estados Unidos Mexicanos,Durango,De 10 000 a 19 999 habitantes,De 10 a 14 años,2654,1376,1278,2494,1274,1220,160,102,58
626,Estados Unidos Mexicanos,Durango,De 10 000 a 19 999 habitantes,De 15 a 19 años,2193,1090,1103,2038,996,1042,155,94,61
627,Estados Unidos Mexicanos,Durango,De 10 000 a 19 999 habitantes,De 20 a 24 años,1682,796,886,1570,746,824,112,50,62
628,Estados Unidos Mexicanos,Durango,De 10 000 a 19 999 habitantes,De 25 a 29 años,1297,614,683,1237,587,650,60,27,33
629,Estados Unidos Mexicanos,Durango,De 10 000 a 19 999 habitantes,De 30 a 34 años,1050,515,535,996,490,506,54,25,29
630,Estados Unidos Mexicanos,Durango,De 10 000 a 19 999 habitantes,De 35 a 39 años,996,467,529,925,433,492,71,34,37
631,Estados Unidos Mexicanos,Durango,De 10 000 a 19 999 habitantes,De 40 años y más,3676,1757,1919,3180,1541,1639,496,216,280
632,Estados Unidos Mexicanos,Durango,De 50 000 habitantes y más,Total,184474,89624,94850,159793,77479,82314,24681,12145,12536
633,Estados Unidos Mexicanos,Durango,De 50 000 habitantes y más,De 6 a 9 años,28600,14924,13676,16701,8392,8309,11899,6532,5367
634,Estados Unidos Mexicanos,Durango,De 50 000 habitantes y más,De 10 a 14 años,31562,16043,15519,29702,14974,14728,1860,1069,791
635,Estados Unidos Mexicanos,Durango,De 50 000 habitantes y más,De 15 a 19 años,25722,12584,13138,24614,12049,12565,1108,535,573
636,Estados Unidos Mexicanos,Durango,De 50 000 habitantes y más,De 20 a 24 años,19178,8803,10375,18106,8344,9762,1072,459,613
637,Estados Unidos Mexicanos,Durango,De 50 000 habitantes y más,De 25 a 29 años,14601,6726,7875,13769,6362,7407,832,364,468
638,Estados Unidos Mexicanos,Durango,De 50 000 habitantes y más,De 30 a 34 años,12307,5772,6535,11462,5394,6068,845,378,467
639,Estados Unidos Mexicanos,Durango,De 50 000 habitantes y más,De 35 a 39 años,11946,5649,6297,11012,5254,5758,934,395,539
640,Estados Unidos Mexicanos,Durango,De 50 000 habitantes y más,De 40 años y más,40558,19123,21435,34427,16710,17717,6131,2413,3718
641,Estados Unidos Mexicanos,Guanajuato,Total,Total,1784353,891224,893129,1063806,555617,508189,720547,335607,384940
642,Estados Unidos Mexicanos,Guanajuato,Total,De 6 a 9 años,295988,151366,144622,100782,51347,49435,195206,100019,95187
643,Estados Unidos Mexicanos,Guanajuato,Total,De 10 a 14 años,312659,161052,151607,227776,117450,110326,84883,43602,41281
644,Estados Unidos Mexicanos,Guanajuato,Total,De 15 a 19 años,239440,119520,119920,178793,90379,88414,60647,29141,31506
645,Estados Unidos Mexicanos,Guanajuato,Total,De 20 a 24 años,177435,85718,91717,127531,64150,63381,49904,21568,28336
646,Estados Unidos Mexicanos,Guanajuato,Total,De 25 a 29 años,139263,67405,71858,93675,48358,45317,45588,19047,26541
647,Estados Unidos Mexicanos,Guanajuato,Total,De 30 a 34 años,112365,55334,57031,72245,38327,33918,40120,17007,23113
648,Estados Unidos Mexicanos,Guanajuato,Total,De 35 a 39 años,108940,53424,55516,65248,35265,29983,43692,18159,25533
649,Estados Unidos Mexicanos,Guanajuato,Total,De 40 años y más,398263,197405,200858,197756,110341,87415,200507,87064,113443
650,Estados Unidos Mexicanos,Guanajuato,Hasta 2 499 habitantes,Total,846669,431445,415224,395929,215015,180914,450740,216430,234310
651,Estados Unidos Mexicanos,Guanajuato,Hasta 2 499 habitantes,De 6 a 9 años,147247,75292,71955,34492,17448,17044,112755,57844,54911
652,Estados Unidos Mexicanos,Guanajuato,Hasta 2 499 habitantes,De 10 a 14 años,152687,79415,73272,90156,46633,43523,62531,32782,29749
653,Estados Unidos Mexicanos,Guanajuato,Hasta 2 499 habitantes,De 15 a 19 años,112287,57328,54959,69733,36114,33619,42554,21214,21340
654,Estados Unidos Mexicanos,Guanajuato,Hasta 2 499 habitantes,De 20 a 24 años,80449,39947,40502,47380,25195,22185,33069,14752,18317
655,Estados Unidos Mexicanos,Guanajuato,Hasta 2 499 habitantes,De 25 a 29 años,64362,31369,32993,34373,18481,15892,29989,12888,17101
656,Estados Unidos Mexicanos,Guanajuato,Hasta 2 499 habitantes,De 30 a 34 años,52721,26315,26406,26809,14936,11873,25912,11379,14533
657,Estados Unidos Mexicanos,Guanajuato,Hasta 2 499 habitantes,De 35 a 39 años,51368,25749,25619,24189,13931,10258,27179,11818,15361
658,Estados Unidos Mexicanos,Guanajuato,Hasta 2 499 habitantes,De 40 años y más,185548,96030,89518,68797,42277,26520,116751,53753,62998
659,Estados Unidos Mexicanos,Guanajuato,De 2 500 a 4 999 habitantes,Total,77104,38625,38479,48425,24912,23513,28679,13713,14966
660,Estados Unidos Mexicanos,Guanajuato,De 2 500 a 4 999 habitantes,De 6 a 9 años,12709,6528,6181,4861,2476,2385,7848,4052,3796
661,Estados Unidos Mexicanos,Guanajuato,De 2 500 a 4 999 habitantes,De 10 a 14 años,13692,7068,6624,10930,5692,5238,2762,1376,1386
662,Estados Unidos Mexicanos,Guanajuato,De 2 500 a 4 999 habitantes,De 15 a 19 años,10298,5156,5142,8065,4038,4027,2233,1118,1115
663,Estados Unidos Mexicanos,Guanajuato,De 2 500 a 4 999 habitantes,De 20 a 24 años,7361,3521,3840,5550,2700,2850,1811,821,990
664,Estados Unidos Mexicanos,Guanajuato,De 2 500 a 4 999 habitantes,De 25 a 29 años,5497,2713,2784,3906,1962,1944,1591,751,840
665,Estados Unidos Mexicanos,Guanajuato,De 2 500 a 4 999 habitantes,De 30 a 34 años,4739,2322,2417,3152,1599,1553,1587,723,864
666,Estados Unidos Mexicanos,Guanajuato,De 2 500 a 4 999 habitantes,De 35 a 39 años,4680,2306,2374,2780,1444,1336,1900,862,1038
667,Estados Unidos Mexicanos,Guanajuato,De 2 500 a 4 999 habitantes,De 40 años y más,18128,9011,9117,9181,5001,4180,8947,4010,4937
668,Estados Unidos Mexicanos,Guanajuato,De 5 000 a 9 999 habitantes,Total,95241,47150,48091,63437,32618,30819,31804,14532,17272
669,Estados Unidos Mexicanos,Guanajuato,De 5 000 a 9 999 habitantes,De 6 a 9 años,15280,7839,7441,6377,3316,3061,8903,4523,4380
670,Estados Unidos Mexicanos,Guanajuato,De 5 000 a 9 999 habitantes,De 10 a 14 años,16691,8573,8118,14021,7258,6763,2670,1315,1355
671,Estados Unidos Mexicanos,Guanajuato,De 5 000 a 9 999 habitantes,De 15 a 19 años,12584,6207,6377,10515,5240,5275,2069,967,1102
672,Estados Unidos Mexicanos,Guanajuato,De 5 000 a 9 999 habitantes,De 20 a 24 años,8888,4284,4604,7020,3475,3545,1868,809,1059
673,Estados Unidos Mexicanos,Guanajuato,De 5 000 a 9 999 habitantes,De 25 a 29 años,6976,3328,3648,5247,2615,2632,1729,713,1016
674,Estados Unidos Mexicanos,Guanajuato,De 5 000 a 9 999 habitantes,De 30 a 34 años,5795,2818,2977,4082,2102,1980,1713,716,997
675,Estados Unidos Mexicanos,Guanajuato,De 5 000 a 9 999 habitantes,De 35 a 39 años,5872,2808,3064,3836,1962,1874,2036,846,1190
676,Estados Unidos Mexicanos,Guanajuato,De 5 000 a 9 999 habitantes,De 40 años y más,23155,11293,11862,12339,6650,5689,10816,4643,6173
677,Estados Unidos Mexicanos,Guanajuato,De 10 000 a 19 999 habitantes,Total,110489,53862,56627,75315,38166,37149,35174,15696,19478
678,Estados Unidos Mexicanos,Guanajuato,De 10 000 a 19 999 habitantes,De 6 a 9 años,17626,8914,8712,8175,4083,4092,9451,4831,4620
679,Estados Unidos Mexicanos,Guanajuato,De 10 000 a 19 999 habitantes,De 10 a 14 años,18999,9674,9325,16250,8326,7924,2749,1348,1401
680,Estados Unidos Mexicanos,Guanajuato,De 10 000 a 19 999 habitantes,De 15 a 19 años,14507,7030,7477,12174,5979,6195,2333,1051,1282
681,Estados Unidos Mexicanos,Guanajuato,De 10 000 a 19 999 habitantes,De 20 a 24 años,10345,4838,5507,8201,3928,4273,2144,910,1234
682,Estados Unidos Mexicanos,Guanajuato,De 10 000 a 19 999 habitantes,De 25 a 29 años,8335,3934,4401,6298,3127,3171,2037,807,1230
683,Estados Unidos Mexicanos,Guanajuato,De 10 000 a 19 999 habitantes,De 30 a 34 años,6719,3250,3469,4831,2461,2370,1888,789,1099
684,Estados Unidos Mexicanos,Guanajuato,De 10 000 a 19 999 habitantes,De 35 a 39 años,6795,3251,3544,4558,2363,2195,2237,888,1349
685,Estados Unidos Mexicanos,Guanajuato,De 10 000 a 19 999 habitantes,De 40 años y más,27163,12971,14192,14828,7899,6929,12335,5072,7263
686,Estados Unidos Mexicanos,Guanajuato,De 20 000 a 49 999 habitantes,Total,162840,79332,83508,116930,59473,57457,45910,19859,26051
687,Estados Unidos Mexicanos,Guanajuato,De 20 000 a 49 999 habitantes,De 6 a 9 años,25069,12736,12333,11834,5964,5870,13235,6772,6463
688,Estados Unidos Mexicanos,Guanajuato,De 20 000 a 49 999 habitantes,De 10 a 14 años,27510,13982,13528,24100,12359,11741,3410,1623,1787
689,Estados Unidos Mexicanos,Guanajuato,De 20 000 a 49 999 habitantes,De 15 a 19 años,22027,10789,11238,19052,9510,9542,2975,1279,1696
690,Estados Unidos Mexicanos,Guanajuato,De 20 000 a 49 999 habitantes,De 20 a 24 años,16453,7896,8557,13694,6797,6897,2759,1099,1660
691,Estados Unidos Mexicanos,Guanajuato,De 20 000 a 49 999 habitantes,De 25 a 29 años,12386,5991,6395,9737,4945,4792,2649,1046,1603
692,Estados Unidos Mexicanos,Guanajuato,De 20 000 a 49 999 habitantes,De 30 a 34 años,10212,4919,5293,7788,3968,3820,2424,951,1473
693,Estados Unidos Mexicanos,Guanajuato,De 20 000 a 49 999 habitantes,De 35 a 39 años,10056,4764,5292,7087,3687,3400,2969,1077,1892
694,Estados Unidos Mexicanos,Guanajuato,De 20 000 a 49 999 habitantes,De 40 años y más,39127,18255,20872,23638,12243,11395,15489,6012,9477
695,Estados Unidos Mexicanos,Guanajuato,De 50 000 habitantes y más,Total,492010,240810,251200,363770,185433,178337,128240,55377,72863
696,Estados Unidos Mexicanos,Guanajuato,De 50 000 habitantes y más,De 6 a 9 años,78057,40057,38000,35043,18060,16983,43014,21997,21017
697,Estados Unidos Mexicanos,Guanajuato,De 50 000 habitantes y más,De 10 a 14 años,83080,42340,40740,72319,37182,35137,10761,5158,5603
698,Estados Unidos Mexicanos,Guanajuato,De 50 000 habitantes y más,De 15 a 19 años,67737,33010,34727,59254,29498,29756,8483,3512,4971
699,Estados Unidos Mexicanos,Guanajuato,De 50 000 habitantes y más,De 20 a 24 años,53939,25232,28707,45686,22055,23631,8253,3177,5076
700,Estados Unidos Mexicanos,Guanajuato,De 50 000 habitantes y más,De 25 a 29 años,41707,20070,21637,34114,17228,16886,7593,2842,4751
701,Estados Unidos Mexicanos,Guanajuato,De 50 000 habitantes y más,De 30 a 34 años,32179,15710,16469,25583,13261,12322,6596,2449,4147
702,Estados Unidos Mexicanos,Guanajuato,De 50 000 habitantes y más,De 35 a 39 años,30169,14546,15623,22798,11878,10920,7371,2668,4703
703,Estados Unidos Mexicanos,Guanajuato,De 50 000 habitantes y más,De 40 años y más,105142,49845,55297,68973,36271,32702,36169,13574,22595
704,Estados Unidos Mexicanos,Guerrero,Total,Total,1262841,626576,636265,646608,341702,304906,616233,284874,331359
705,Estados Unidos Mexicanos,Guerrero,Total,De 6 a 9 años,215073,109039,106034,66102,32907,33195,148971,76132,72839
706,Estados Unidos Mexicanos,Guerrero,Total,De 10 a 14 años,217499,112635,104864,149833,77678,72155,67666,34957,32709
707,Estados Unidos Mexicanos,Guerrero,Total,De 15 a 19 años,160994,79802,81192,110212,56401,53811,50782,23401,27381
708,Estados Unidos Mexicanos,Guerrero,Total,De 20 a 24 años,121403,56246,65157,73568,36630,36938,47835,19616,28219
709,Estados Unidos Mexicanos,Guerrero,Total,De 25 a 29 años,107276,50312,56964,57042,29565,27477,50234,20747,29487
710,Estados Unidos Mexicanos,Guerrero,Total,De 30 a 34 años,83957,40609,43348,42552,23144,19408,41405,17465,23940
711,Estados Unidos Mexicanos,Guerrero,Total,De 35 a 39 años,88595,43774,44821,42183,23698,18485,46412,20076,26336
712,Estados Unidos Mexicanos,Guerrero,Total,De 40 años y más,268044,134159,133885,105116,61679,43437,162928,72480,90448
713,Estados Unidos Mexicanos,Guerrero,Hasta 2 499 habitantes,Total,805060,404178,400882,336453,184389,152064,468607,219789,248818
714,Estados Unidos Mexicanos,Guerrero,Hasta 2 499 habitantes,De 6 a 9 años,142321,71981,70340,33246,16556,16690,109075,55425,53650
715,Estados Unidos Mexicanos,Guerrero,Hasta 2 499 habitantes,De 10 a 14 años,140275,73479,66796,84801,44839,39962,55474,28640,26834
716,Estados Unidos Mexicanos,Guerrero,Hasta 2 499 habitantes,De 15 a 19 años,99942,50533,49409,58908,31541,27367,41034,18992,22042
717,Estados Unidos Mexicanos,Guerrero,Hasta 2 499 habitantes,De 20 a 24 años,76275,36065,40210,38285,20210,18075,37990,15855,22135
718,Estados Unidos Mexicanos,Guerrero,Hasta 2 499 habitantes,De 25 a 29 años,69097,32712,36385,29269,15950,13319,39828,16762,23066
719,Estados Unidos Mexicanos,Guerrero,Hasta 2 499 habitantes,De 30 a 34 años,52677,25754,26923,20828,11900,8928,31849,13854,17995
720,Estados Unidos Mexicanos,Guerrero,Hasta 2 499 habitantes,De 35 a 39 años,55354,27565,27789,20652,12038,8614,34702,15527,19175
721,Estados Unidos Mexicanos,Guerrero,Hasta 2 499 habitantes,De 40 años y más,169119,86089,83030,50464,31355,19109,118655,54734,63921
722,Estados Unidos Mexicanos,Guerrero,De 2 500 a 4 999 habitantes,Total,120889,59361,61528,68189,35550,32639,52700,23811,28889
723,Estados Unidos Mexicanos,Guerrero,De 2 500 a 4 999 habitantes,De 6 a 9 años,20520,10522,9998,7975,3874,4101,12545,6648,5897
724,Estados Unidos Mexicanos,Guerrero,De 2 500 a 4 999 habitantes,De 10 a 14 años,21605,11157,10448,16509,8582,7927,5096,2575,2521
725,Estados Unidos Mexicanos,Guerrero,De 2 500 a 4 999 habitantes,De 15 a 19 años,14865,7404,7461,11052,5631,5421,3813,1773,2040
726,Estados Unidos Mexicanos,Guerrero,De 2 500 a 4 999 habitantes,De 20 a 24 años,10112,4556,5556,6607,3153,3454,3505,1403,2102
727,Estados Unidos Mexicanos,Guerrero,De 2 500 a 4 999 habitantes,De 25 a 29 años,9083,4093,4990,5209,2571,2638,3874,1522,2352
728,Estados Unidos Mexicanos,Guerrero,De 2 500 a 4 999 habitantes,De 30 a 34 años,7559,3526,4033,4106,2177,1929,3453,1349,2104
729,Estados Unidos Mexicanos,Guerrero,De 2 500 a 4 999 habitantes,De 35 a 39 años,8393,3989,4404,4309,2361,1948,4084,1628,2456
730,Estados Unidos Mexicanos,Guerrero,De 2 500 a 4 999 habitantes,De 40 años y más,28752,14114,14638,12422,7201,5221,16330,6913,9417
731,Estados Unidos Mexicanos,Guerrero,De 5 000 a 9 999 habitantes,Total,84374,41136,43238,52937,26823,26114,31437,14313,17124
732,Estados Unidos Mexicanos,Guerrero,De 5 000 a 9 999 habitantes,De 6 a 9 años,13357,6863,6494,5307,2641,2666,8050,4222,3828
733,Estados Unidos Mexicanos,Guerrero,De 5 000 a 9 999 habitantes,De 10 a 14 años,14839,7667,7172,11994,6124,5870,2845,1543,1302
734,Estados Unidos Mexicanos,Guerrero,De 5 000 a 9 999 habitantes,De 15 a 19 años,11300,5533,5767,9010,4442,4568,2290,1091,1199
735,Estados Unidos Mexicanos,Guerrero,De 5 000 a 9 999 habitantes,De 20 a 24 años,7644,3485,4159,5595,2665,2930,2049,820,1229
736,Estados Unidos Mexicanos,Guerrero,De 5 000 a 9 999 habitantes,De 25 a 29 años,6132,2823,3309,4131,2019,2112,2001,804,1197
737,Estados Unidos Mexicanos,Guerrero,De 5 000 a 9 999 habitantes,De 30 a 34 años,5194,2393,2801,3314,1682,1632,1880,711,1169
738,Estados Unidos Mexicanos,Guerrero,De 5 000 a 9 999 habitantes,De 35 a 39 años,5799,2779,3020,3376,1770,1606,2423,1009,1414
739,Estados Unidos Mexicanos,Guerrero,De 5 000 a 9 999 habitantes,De 40 años y más,20109,9593,10516,10210,5480,4730,9899,4113,5786
740,Estados Unidos Mexicanos,Guerrero,De 10 000 a 19 999 habitantes,Total,25252,12157,13095,17071,8553,8518,8181,3604,4577
741,Estados Unidos Mexicanos,Guerrero,De 10 000 a 19 999 habitantes,De 6 a 9 años,3876,1928,1948,2096,1014,1082,1780,914,866
742,Estados Unidos Mexicanos,Guerrero,De 10 000 a 19 999 habitantes,De 10 a 14 años,4395,2258,2137,3872,1965,1907,523,293,230
743,Estados Unidos Mexicanos,Guerrero,De 10 000 a 19 999 habitantes,De 15 a 19 años,3365,1629,1736,2882,1417,1465,483,212,271
744,Estados Unidos Mexicanos,Guerrero,De 10 000 a 19 999 habitantes,De 20 a 24 años,2103,883,1220,1586,680,906,517,203,314
745,Estados Unidos Mexicanos,Guerrero,De 10 000 a 19 999 habitantes,De 25 a 29 años,1751,808,943,1196,568,628,555,240,315
746,Estados Unidos Mexicanos,Guerrero,De 10 000 a 19 999 habitantes,De 30 a 34 años,1633,756,877,1063,541,522,570,215,355
747,Estados Unidos Mexicanos,Guerrero,De 10 000 a 19 999 habitantes,De 35 a 39 años,1786,860,926,1104,570,534,682,290,392
748,Estados Unidos Mexicanos,Guerrero,De 10 000 a 19 999 habitantes,De 40 años y más,6343,3035,3308,3272,1798,1474,3071,1237,1834
749,Estados Unidos Mexicanos,Guerrero,De 20 000 a 49 999 habitantes,Total,87631,41984,45647,66551,33243,33308,21080,8741,12339
750,Estados Unidos Mexicanos,Guerrero,De 20 000 a 49 999 habitantes,De 6 a 9 años,13604,6856,6748,7234,3656,3578,6370,3200,3170
751,Estados Unidos Mexicanos,Guerrero,De 20 000 a 49 999 habitantes,De 10 a 14 años,14738,7316,7422,13470,6681,6789,1268,635,633
752,Estados Unidos Mexicanos,Guerrero,De 20 000 a 49 999 habitantes,De 15 a 19 años,12265,5887,6378,11229,5450,5779,1036,437,599
753,Estados Unidos Mexicanos,Guerrero,De 20 000 a 49 999 habitantes,De 20 a 24 años,8886,4036,4850,7648,3627,4021,1238,409,829
754,Estados Unidos Mexicanos,Guerrero,De 20 000 a 49 999 habitantes,De 25 a 29 años,7408,3377,4031,6028,2886,3142,1380,491,889
755,Estados Unidos Mexicanos,Guerrero,De 20 000 a 49 999 habitantes,De 30 a 34 años,6022,2807,3215,4670,2308,2362,1352,499,853
756,Estados Unidos Mexicanos,Guerrero,De 20 000 a 49 999 habitantes,De 35 a 39 años,6112,2899,3213,4394,2296,2098,1718,603,1115
757,Estados Unidos Mexicanos,Guerrero,De 20 000 a 49 999 habitantes,De 40 años y más,18596,8806,9790,11878,6339,5539,6718,2467,4251
758,Estados Unidos Mexicanos,Guerrero,De 50 000 habitantes y más,Total,139635,67760,71875,105407,53144,52263,34228,14616,19612
759,Estados Unidos Mexicanos,Guerrero,De 50 000 habitantes y más,De 6 a 9 años,21395,10889,10506,10244,5166,5078,11151,5723,5428
760,Estados Unidos Mexicanos,Guerrero,De 50 000 habitantes y más,De 10 a 14 años,21647,10758,10889,19187,9487,9700,2460,1271,1189
761,Estados Unidos Mexicanos,Guerrero,De 50 000 habitantes y más,De 15 a 19 años,19257,8816,10441,17131,7920,9211,2126,896,1230
762,Estados Unidos Mexicanos,Guerrero,De 50 000 habitantes y más,De 20 a 24 años,16383,7221,9162,13847,6295,7552,2536,926,1610
763,Estados Unidos Mexicanos,Guerrero,De 50 000 habitantes y más,De 25 a 29 años,13805,6499,7306,11209,5571,5638,2596,928,1668
764,Estados Unidos Mexicanos,Guerrero,De 50 000 habitantes y más,De 30 a 34 años,10872,5373,5499,8571,4536,4035,2301,837,1464
765,Estados Unidos Mexicanos,Guerrero,De 50 000 habitantes y más,De 35 a 39 años,11151,5682,5469,8348,4663,3685,2803,1019,1784
766,Estados Unidos Mexicanos,Guerrero,De 50 000 habitantes y más,De 40 años y más,25125,12522,12603,16870,9506,7364,8255,3016,5239
767,Estados Unidos Mexicanos,Hidalgo,Total,Total,948060,474809,473251,555459,298261,257198,392601,176548,216053
768,Estados Unidos Mexicanos,Hidalgo,Total,De 6 a 9 años,153474,77159,76315,61767,30582,31185,91707,46577,45130
769,Estados Unidos Mexicanos,Hidalgo,Total,De 10 a 14 años,161973,84112,77861,124542,64915,59627,37431,19197,18234
770,Estados Unidos Mexicanos,Hidalgo,Total,De 15 a 19 años,118664,60536,58128,87005,45664,41341,31659,14872,16787
771,Estados Unidos Mexicanos,Hidalgo,Total,De 20 a 24 años,92123,44469,47654,62949,32573,30376,29174,11896,17278
772,Estados Unidos Mexicanos,Hidalgo,Total,De 25 a 29 años,80570,39026,41544,48479,26038,22441,32091,12988,19103
773,Estados Unidos Mexicanos,Hidalgo,Total,De 30 a 34 años,61580,31292,30288,36572,20390,16182,25008,10902,14106
774,Estados Unidos Mexicanos,Hidalgo,Total,De 35 a 39 años,63768,31702,32066,34844,19581,15263,28924,12121,16803
775,Estados Unidos Mexicanos,Hidalgo,Total,De 40 años y más,215908,106513,109395,99301,58518,40783,116607,47995,68612
776,Estados Unidos Mexicanos,Hidalgo,Hasta 2 499 habitantes,Total,678215,344127,334088,347730,193951,153779,330485,150176,180309
777,Estados Unidos Mexicanos,Hidalgo,Hasta 2 499 habitantes,De 6 a 9 años,111116,55932,55184,38854,19250,19604,72262,36682,35580
778,Estados Unidos Mexicanos,Hidalgo,Hasta 2 499 habitantes,De 10 a 14 años,115436,60506,54930,83240,43971,39269,32196,16535,15661
779,Estados Unidos Mexicanos,Hidalgo,Hasta 2 499 habitantes,De 15 a 19 años,82922,43260,39662,55082,30143,24939,27840,13117,14723
780,Estados Unidos Mexicanos,Hidalgo,Hasta 2 499 habitantes,De 20 a 24 años,64648,31701,32947,39049,21205,17844,25599,10496,15103
781,Estados Unidos Mexicanos,Hidalgo,Hasta 2 499 habitantes,De 25 a 29 años,58428,28566,29862,30116,16989,13127,28312,11577,16735
782,Estados Unidos Mexicanos,Hidalgo,Hasta 2 499 habitantes,De 30 a 34 años,43820,22793,21027,22184,13167,9017,21636,9626,12010
783,Estados Unidos Mexicanos,Hidalgo,Hasta 2 499 habitantes,De 35 a 39 años,45765,22989,22776,20948,12398,8550,24817,10591,14226
784,Estados Unidos Mexicanos,Hidalgo,Hasta 2 499 habitantes,De 40 años y más,156080,78380,77700,58257,36828,21429,97823,41552,56271
785,Estados Unidos Mexicanos,Hidalgo,De 2 500 a 4 999 habitantes,Total,60760,29550,31210,40551,20808,19743,20209,8742,11467
786,Estados Unidos Mexicanos,Hidalgo,De 2 500 a 4 999 habitantes,De 6 a 9 años,9908,4844,5064,4633,2178,2455,5275,2666,2609
787,Estados Unidos Mexicanos,Hidalgo,De 2 500 a 4 999 habitantes,De 10 a 14 años,10733,5469,5264,8883,4520,4363,1850,949,901
788,Estados Unidos Mexicanos,Hidalgo,De 2 500 a 4 999 habitantes,De 15 a 19 años,7495,3702,3793,6187,3091,3096,1308,611,697
789,Estados Unidos Mexicanos,Hidalgo,De 2 500 a 4 999 habitantes,De 20 a 24 años,5564,2570,2994,4346,2101,2245,1218,469,749
790,Estados Unidos Mexicanos,Hidalgo,De 2 500 a 4 999 habitantes,De 25 a 29 años,4747,2213,2534,3307,1657,1650,1440,556,884
791,Estados Unidos Mexicanos,Hidalgo,De 2 500 a 4 999 habitantes,De 30 a 34 años,3961,1911,2050,2684,1400,1284,1277,511,766
792,Estados Unidos Mexicanos,Hidalgo,De 2 500 a 4 999 habitantes,De 35 a 39 años,4109,2036,2073,2605,1407,1198,1504,629,875
793,Estados Unidos Mexicanos,Hidalgo,De 2 500 a 4 999 habitantes,De 40 años y más,14243,6805,7438,7906,4454,3452,6337,2351,3986
794,Estados Unidos Mexicanos,Hidalgo,De 5 000 a 9 999 habitantes,Total,56999,27240,29759,43191,21429,21762,13808,5811,7997
795,Estados Unidos Mexicanos,Hidalgo,De 5 000 a 9 999 habitantes,De 6 a 9 años,9305,4494,4811,5001,2381,2620,4304,2113,2191
796,Estados Unidos Mexicanos,Hidalgo,De 5 000 a 9 999 habitantes,De 10 a 14 años,10173,4978,5195,9133,4497,4636,1040,481,559
797,Estados Unidos Mexicanos,Hidalgo,De 5 000 a 9 999 habitantes,De 15 a 19 años,7419,3446,3973,6622,3108,3514,797,338,459
798,Estados Unidos Mexicanos,Hidalgo,De 5 000 a 9 999 habitantes,De 20 a 24 años,5715,2609,3106,4907,2297,2610,808,312,496
799,Estados Unidos Mexicanos,Hidalgo,De 5 000 a 9 999 habitantes,De 25 a 29 años,4529,2103,2426,3681,1772,1909,848,331,517
800,Estados Unidos Mexicanos,Hidalgo,De 5 000 a 9 999 habitantes,De 30 a 34 años,3565,1719,1846,2812,1433,1379,753,286,467
801,Estados Unidos Mexicanos,Hidalgo,De 5 000 a 9 999 habitantes,De 35 a 39 años,3777,1795,1982,2826,1444,1382,951,351,600
802,Estados Unidos Mexicanos,Hidalgo,De 5 000 a 9 999 habitantes,De 40 años y más,12516,6096,6420,8209,4497,3712,4307,1599,2708
803,Estados Unidos Mexicanos,Hidalgo,De 10 000 a 19 999 habitantes,Total,54200,27096,27104,42827,22206,20621,11373,4890,6483
804,Estados Unidos Mexicanos,Hidalgo,De 10 000 a 19 999 habitantes,De 6 a 9 años,9094,4666,4428,4853,2453,2400,4241,2213,2028
805,Estados Unidos Mexicanos,Hidalgo,De 10 000 a 19 999 habitantes,De 10 a 14 años,9457,4812,4645,8456,4330,4126,1001,482,519
806,Estados Unidos Mexicanos,Hidalgo,De 10 000 a 19 999 habitantes,De 15 a 19 años,6949,3483,3466,6245,3170,3075,704,313,391
807,Estados Unidos Mexicanos,Hidalgo,De 10 000 a 19 999 habitantes,De 20 a 24 años,5541,2640,2901,4963,2425,2538,578,215,363
808,Estados Unidos Mexicanos,Hidalgo,De 10 000 a 19 999 habitantes,De 25 a 29 años,4695,2311,2384,4130,2117,2013,565,194,371
809,Estados Unidos Mexicanos,Hidalgo,De 10 000 a 19 999 habitantes,De 30 a 34 años,3905,1914,1991,3386,1733,1653,519,181,338
810,Estados Unidos Mexicanos,Hidalgo,De 10 000 a 19 999 habitantes,De 35 a 39 años,3699,1924,1775,3097,1718,1379,602,206,396
811,Estados Unidos Mexicanos,Hidalgo,De 10 000 a 19 999 habitantes,De 40 años y más,10860,5346,5514,7697,4260,3437,3163,1086,2077
812,Estados Unidos Mexicanos,Hidalgo,De 20 000 a 49 999 habitantes,Total,28960,14197,14763,22884,11589,11295,6076,2608,3468
813,Estados Unidos Mexicanos,Hidalgo,De 20 000 a 49 999 habitantes,De 6 a 9 años,4505,2421,2084,2684,1428,1256,1821,993,828
814,Estados Unidos Mexicanos,Hidalgo,De 20 000 a 49 999 habitantes,De 10 a 14 años,4925,2665,2260,4374,2368,2006,551,297,254
815,Estados Unidos Mexicanos,Hidalgo,De 20 000 a 49 999 habitantes,De 15 a 19 años,4036,1969,2067,3568,1750,1818,468,219,249
816,Estados Unidos Mexicanos,Hidalgo,De 20 000 a 49 999 habitantes,De 20 a 24 años,3015,1397,1618,2605,1229,1376,410,168,242
817,Estados Unidos Mexicanos,Hidalgo,De 20 000 a 49 999 habitantes,De 25 a 29 años,2381,1075,1306,1972,936,1036,409,139,270
818,Estados Unidos Mexicanos,Hidalgo,De 20 000 a 49 999 habitantes,De 30 a 34 años,1886,856,1030,1548,736,812,338,120,218
819,Estados Unidos Mexicanos,Hidalgo,De 20 000 a 49 999 habitantes,De 35 a 39 años,1901,904,997,1502,767,735,399,137,262
820,Estados Unidos Mexicanos,Hidalgo,De 20 000 a 49 999 habitantes,De 40 años y más,6311,2910,3401,4631,2375,2256,1680,535,1145
821,Estados Unidos Mexicanos,Hidalgo,De 50 000 habitantes y más,Total,68926,32599,36327,58276,28278,29998,10650,4321,6329
822,Estados Unidos Mexicanos,Hidalgo,De 50 000 habitantes y más,De 6 a 9 años,9546,4802,4744,5742,2892,2850,3804,1910,1894
823,Estados Unidos Mexicanos,Hidalgo,De 50 000 habitantes y más,De 10 a 14 años,11249,5682,5567,10456,5229,5227,793,453,340
824,Estados Unidos Mexicanos,Hidalgo,De 50 000 habitantes y más,De 15 a 19 años,9843,4676,5167,9301,4402,4899,542,274,268
825,Estados Unidos Mexicanos,Hidalgo,De 50 000 habitantes y más,De 20 a 24 años,7640,3552,4088,7079,3316,3763,561,236,325
826,Estados Unidos Mexicanos,Hidalgo,De 50 000 habitantes y más,De 25 a 29 años,5790,2758,3032,5273,2567,2706,517,191,326
827,Estados Unidos Mexicanos,Hidalgo,De 50 000 habitantes y más,De 30 a 34 años,4443,2099,2344,3958,1921,2037,485,178,307
828,Estados Unidos Mexicanos,Hidalgo,De 50 000 habitantes y más,De 35 a 39 años,4517,2054,2463,3866,1847,2019,651,207,444
829,Estados Unidos Mexicanos,Hidalgo,De 50 000 habitantes y más,De 40 años y más,15898,6976,8922,12601,6104,6497,3297,872,2425
830,Estados Unidos Mexicanos,Jalisco,Total,Total,2611289,1283425,1327864,1965988,970360,995628,645301,313065,332236
831,Estados Unidos Mexicanos,Jalisco,Total,De 6 a 9 años,409320,208282,201038,190630,93484,97146,218690,114798,103892
832,Estados Unidos Mexicanos,Jalisco,Total,De 10 a 14 años,439813,223619,216194,383668,193111,190557,56145,30508,25637
833,Estados Unidos Mexicanos,Jalisco,Total,De 15 a 19 años,354770,174638,180132,315405,154950,160455,39365,19688,19677
834,Estados Unidos Mexicanos,Jalisco,Total,De 20 a 24 años,278815,133459,145356,241915,116895,125020,36900,16564,20336
835,Estados Unidos Mexicanos,Jalisco,Total,De 25 a 29 años,210342,101157,109185,176601,86291,90310,33741,14866,18875
836,Estados Unidos Mexicanos,Jalisco,Total,De 30 a 34 años,163336,79332,84004,133493,66056,67437,29843,13276,16567
837,Estados Unidos Mexicanos,Jalisco,Total,De 35 a 39 años,151957,73111,78846,117374,58052,59322,34583,15059,19524
838,Estados Unidos Mexicanos,Jalisco,Total,De 40 años y más,602936,289827,313109,406902,201521,205381,196034,88306,107728
839,Estados Unidos Mexicanos,Jalisco,Hasta 2 499 habitantes,Total,811790,414889,396901,527663,269529,258134,284127,145360,138767
840,Estados Unidos Mexicanos,Jalisco,Hasta 2 499 habitantes,De 6 a 9 años,138189,71484,66705,52039,25762,26277,86150,45722,40428
841,Estados Unidos Mexicanos,Jalisco,Hasta 2 499 habitantes,De 10 a 14 años,145235,75893,69342,116273,59653,56620,28962,16240,12722
842,Estados Unidos Mexicanos,Jalisco,Hasta 2 499 habitantes,De 15 a 19 años,106407,54562,51845,86169,43804,42365,20238,10758,9480
843,Estados Unidos Mexicanos,Jalisco,Hasta 2 499 habitantes,De 20 a 24 años,77798,38264,39534,59694,29644,30050,18104,8620,9484
844,Estados Unidos Mexicanos,Jalisco,Hasta 2 499 habitantes,De 25 a 29 años,61750,30191,31559,45324,22476,22848,16426,7715,8711
845,Estados Unidos Mexicanos,Jalisco,Hasta 2 499 habitantes,De 30 a 34 años,49326,24703,24623,34982,17820,17162,14344,6883,7461
846,Estados Unidos Mexicanos,Jalisco,Hasta 2 499 habitantes,De 35 a 39 años,47055,23480,23575,31206,15950,15256,15849,7530,8319
847,Estados Unidos Mexicanos,Jalisco,Hasta 2 499 habitantes,De 40 años y más,186030,96312,89718,101976,54420,47556,84054,41892,42162
848,Estados Unidos Mexicanos,Jalisco,De 2 500 a 4 999 habitantes,Total,202362,99588,102774,148986,73102,75884,53376,26486,26890
849,Estados Unidos Mexicanos,Jalisco,De 2 500 a 4 999 habitantes,De 6 a 9 años,33016,16596,16420,15689,7396,8293,17327,9200,8127
850,Estados Unidos Mexicanos,Jalisco,De 2 500 a 4 999 habitantes,De 10 a 14 años,35699,18028,17671,31686,15786,15900,4013,2242,1771
851,Estados Unidos Mexicanos,Jalisco,De 2 500 a 4 999 habitantes,De 15 a 19 años,26386,12926,13460,23267,11267,12000,3119,1659,1460
852,Estados Unidos Mexicanos,Jalisco,De 2 500 a 4 999 habitantes,De 20 a 24 años,19406,9349,10057,16437,7956,8481,2969,1393,1576
853,Estados Unidos Mexicanos,Jalisco,De 2 500 a 4 999 habitantes,De 25 a 29 años,14731,7018,7713,12011,5764,6247,2720,1254,1466
854,Estados Unidos Mexicanos,Jalisco,De 2 500 a 4 999 habitantes,De 30 a 34 años,11996,5745,6251,9552,4636,4916,2444,1109,1335
855,Estados Unidos Mexicanos,Jalisco,De 2 500 a 4 999 habitantes,De 35 a 39 años,11463,5596,5867,8525,4224,4301,2938,1372,1566
856,Estados Unidos Mexicanos,Jalisco,De 2 500 a 4 999 habitantes,De 40 años y más,49665,24330,25335,31819,16073,15746,17846,8257,9589
857,Estados Unidos Mexicanos,Jalisco,De 5 000 a 9 999 habitantes,Total,192102,94115,97987,145943,71538,74405,46159,22577,23582
858,Estados Unidos Mexicanos,Jalisco,De 5 000 a 9 999 habitantes,De 6 a 9 años,30307,15470,14837,15034,7384,7650,15273,8086,7187
859,Estados Unidos Mexicanos,Jalisco,De 5 000 a 9 999 habitantes,De 10 a 14 años,33176,16951,16225,29634,14948,14686,3542,2003,1539
860,Estados Unidos Mexicanos,Jalisco,De 5 000 a 9 999 habitantes,De 15 a 19 años,25656,12779,12877,22988,11331,11657,2668,1448,1220
861,Estados Unidos Mexicanos,Jalisco,De 5 000 a 9 999 habitantes,De 20 a 24 años,18051,8530,9521,15752,7452,8300,2299,1078,1221
862,Estados Unidos Mexicanos,Jalisco,De 5 000 a 9 999 habitantes,De 25 a 29 años,13879,6483,7396,11763,5565,6198,2116,918,1198
863,Estados Unidos Mexicanos,Jalisco,De 5 000 a 9 999 habitantes,De 30 a 34 años,11318,5372,5946,9385,4519,4866,1933,853,1080
864,Estados Unidos Mexicanos,Jalisco,De 5 000 a 9 999 habitantes,De 35 a 39 años,11324,5397,5927,8874,4329,4545,2450,1068,1382
865,Estados Unidos Mexicanos,Jalisco,De 5 000 a 9 999 habitantes,De 40 años y más,48391,23133,25258,32513,16010,16503,15878,7123,8755
866,Estados Unidos Mexicanos,Jalisco,De 10 000 a 19 999 habitantes,Total,200541,97080,103461,150692,73745,76947,49849,23335,26514
867,Estados Unidos Mexicanos,Jalisco,De 10 000 a 19 999 habitantes,De 6 a 9 años,31042,15828,15214,15410,7657,7753,15632,8171,7461
868,Estados Unidos Mexicanos,Jalisco,De 10 000 a 19 999 habitantes,De 10 a 14 años,34004,17149,16855,30392,15191,15201,3612,1958,1654
869,Estados Unidos Mexicanos,Jalisco,De 10 000 a 19 999 habitantes,De 15 a 19 años,26743,13108,13635,23801,11724,12077,2942,1384,1558
870,Estados Unidos Mexicanos,Jalisco,De 10 000 a 19 999 habitantes,De 20 a 24 años,20049,9328,10721,17372,8165,9207,2677,1163,1514
871,Estados Unidos Mexicanos,Jalisco,De 10 000 a 19 999 habitantes,De 25 a 29 años,15056,7119,7937,12480,6018,6462,2576,1101,1475
872,Estados Unidos Mexicanos,Jalisco,De 10 000 a 19 999 habitantes,De 30 a 34 años,11974,5619,6355,9721,4659,5062,2253,960,1293
873,Estados Unidos Mexicanos,Jalisco,De 10 000 a 19 999 habitantes,De 35 a 39 años,11700,5445,6255,8859,4282,4577,2841,1163,1678
874,Estados Unidos Mexicanos,Jalisco,De 10 000 a 19 999 habitantes,De 40 años y más,49973,23484,26489,32657,16049,16608,17316,7435,9881
875,Estados Unidos Mexicanos,Jalisco,De 20 000 a 49 999 habitantes,Total,204219,99028,105191,159909,78711,81198,44310,20317,23993
876,Estados Unidos Mexicanos,Jalisco,De 20 000 a 49 999 habitantes,De 6 a 9 años,31860,16035,15825,16638,8197,8441,15222,7838,7384
877,Estados Unidos Mexicanos,Jalisco,De 20 000 a 49 999 habitantes,De 10 a 14 años,34420,17455,16965,31147,15792,15355,3273,1663,1610
878,Estados Unidos Mexicanos,Jalisco,De 20 000 a 49 999 habitantes,De 15 a 19 años,28672,14012,14660,26234,12929,13305,2438,1083,1355
879,Estados Unidos Mexicanos,Jalisco,De 20 000 a 49 999 habitantes,De 20 a 24 años,21978,10267,11711,19522,9226,10296,2456,1041,1415
880,Estados Unidos Mexicanos,Jalisco,De 20 000 a 49 999 habitantes,De 25 a 29 años,16511,7865,8646,14314,6982,7332,2197,883,1314
881,Estados Unidos Mexicanos,Jalisco,De 20 000 a 49 999 habitantes,De 30 a 34 años,12688,6107,6581,10707,5322,5385,1981,785,1196
882,Estados Unidos Mexicanos,Jalisco,De 20 000 a 49 999 habitantes,De 35 a 39 años,11809,5532,6277,9456,4613,4843,2353,919,1434
883,Estados Unidos Mexicanos,Jalisco,De 20 000 a 49 999 habitantes,De 40 años y más,46281,21755,24526,31891,15650,16241,14390,6105,8285
884,Estados Unidos Mexicanos,Jalisco,De 50 000 habitantes y más,Total,1000275,478725,521550,832795,403735,429060,167480,74990,92490
885,Estados Unidos Mexicanos,Jalisco,De 50 000 habitantes y más,De 6 a 9 años,144906,72869,72037,75820,37088,38732,69086,35781,33305
886,Estados Unidos Mexicanos,Jalisco,De 50 000 habitantes y más,De 10 a 14 años,157279,78143,79136,144536,71741,72795,12743,6402,6341
887,Estados Unidos Mexicanos,Jalisco,De 50 000 habitantes y más,De 15 a 19 años,140906,67251,73655,132946,63895,69051,7960,3356,4604
888,Estados Unidos Mexicanos,Jalisco,De 50 000 habitantes y más,De 20 a 24 años,121533,57721,63812,113138,54452,58686,8395,3269,5126
889,Estados Unidos Mexicanos,Jalisco,De 50 000 habitantes y más,De 25 a 29 años,88415,42481,45934,80709,39486,41223,7706,2995,4711
890,Estados Unidos Mexicanos,Jalisco,De 50 000 habitantes y más,De 30 a 34 años,66034,31786,34248,59146,29100,30046,6888,2686,4202
891,Estados Unidos Mexicanos,Jalisco,De 50 000 habitantes y más,De 35 a 39 años,58606,27661,30945,50454,24654,25800,8152,3007,5145
892,Estados Unidos Mexicanos,Jalisco,De 50 000 habitantes y más,De 40 años y más,222596,100813,121783,176046,83319,92727,46550,17494,29056
893,Estados Unidos Mexicanos,México,Total,Total,2984062,1499112,1484950,2096121,1120379,975742,887941,378733,509208
894,Estados Unidos Mexicanos,México,Total,De 6 a 9 años,510017,260425,249592,239205,122418,116787,270812,138007,132805
895,Estados Unidos Mexicanos,México,Total,De 10 a 14 años,507219,260065,247154,430582,222677,207905,76637,37388,39249
896,Estados Unidos Mexicanos,México,Total,De 15 a 19 años,377801,188440,189361,321101,164580,156521,56700,23860,32840
897,Estados Unidos Mexicanos,México,Total,De 20 a 24 años,310900,150557,160343,252359,128928,123431,58541,21629,36912
898,Estados Unidos Mexicanos,México,Total,De 25 a 29 años,264641,129884,134757,203515,107678,95837,61126,22206,38920
899,Estados Unidos Mexicanos,México,Total,De 30 a 34 años,215878,109130,106748,163028,89634,73394,52850,19496,33354
900,Estados Unidos Mexicanos,México,Total,De 35 a 39 años,205740,104653,101087,145025,82679,62346,60715,21974,38741
901,Estados Unidos Mexicanos,México,Total,De 40 años y más,591866,295958,295908,341306,201785,139521,250560,94173,156387
902,Estados Unidos Mexicanos,México,Hasta 2 499 habitantes,Total,1130765,575883,554882,686510,381878,304632,444255,194005,250250
903,Estados Unidos Mexicanos,México,Hasta 2 499 habitantes,De 6 a 9 años,195063,99692,95371,74376,38495,35881,120687,61197,59490
904,Estados Unidos Mexicanos,México,Hasta 2 499 habitantes,De 10 a 14 años,196996,102825,94171,152151,80635,71516,44845,22190,22655
905,Estados Unidos Mexicanos,México,Hasta 2 499 habitantes,De 15 a 19 años,139646,72894,66752,108488,59078,49410,31158,13816,17342
906,Estados Unidos Mexicanos,México,Hasta 2 499 habitantes,De 20 a 24 años,109552,54356,55196,79542,42690,36852,30010,11666,18344
907,Estados Unidos Mexicanos,México,Hasta 2 499 habitantes,De 25 a 29 años,93767,46306,47461,62881,34561,28320,30886,11745,19141
908,Estados Unidos Mexicanos,México,Hasta 2 499 habitantes,De 30 a 34 años,74992,37983,37009,49048,27972,21076,25944,10011,15933
909,Estados Unidos Mexicanos,México,Hasta 2 499 habitantes,De 35 a 39 años,75833,38381,37452,45484,26833,18651,30349,11548,18801
910,Estados Unidos Mexicanos,México,Hasta 2 499 habitantes,De 40 años y más,244916,123446,121470,114540,71614,42926,130376,51832,78544
911,Estados Unidos Mexicanos,México,De 2 500 a 4 999 habitantes,Total,468616,235004,233612,329741,177293,152448,138875,57711,81164
912,Estados Unidos Mexicanos,México,De 2 500 a 4 999 habitantes,De 6 a 9 años,78928,40000,38928,37770,19255,18515,41158,20745,20413
913,Estados Unidos Mexicanos,México,De 2 500 a 4 999 habitantes,De 10 a 14 años,79078,40420,38658,68211,35397,32814,10867,5023,5844
914,Estados Unidos Mexicanos,México,De 2 500 a 4 999 habitantes,De 15 a 19 años,58757,29368,29389,50512,26189,24323,8245,3179,5066
915,Estados Unidos Mexicanos,México,De 2 500 a 4 999 habitantes,De 20 a 24 años,48454,23546,24908,39509,20388,19121,8945,3158,5787
916,Estados Unidos Mexicanos,México,De 2 500 a 4 999 habitantes,De 25 a 29 años,40858,20177,20681,31287,16701,14586,9571,3476,6095
917,Estados Unidos Mexicanos,México,De 2 500 a 4 999 habitantes,De 30 a 34 años,32948,16726,16222,24597,13625,10972,8351,3101,5250
918,Estados Unidos Mexicanos,México,De 2 500 a 4 999 habitantes,De 35 a 39 años,32010,16142,15868,22238,12618,9620,9772,3524,6248
919,Estados Unidos Mexicanos,México,De 2 500 a 4 999 habitantes,De 40 años y más,97583,48625,48958,55617,33120,22497,41966,15505,26461
920,Estados Unidos Mexicanos,México,De 5 000 a 9 999 habitantes,Total,521231,259601,261630,394367,206678,187689,126864,52923,73941
921,Estados Unidos Mexicanos,México,De 5 000 a 9 999 habitantes,De 6 a 9 años,88098,45148,42950,47041,24085,22956,41057,21063,19994
922,Estados Unidos Mexicanos,México,De 5 000 a 9 999 habitantes,De 10 a 14 años,86932,44300,42632,77730,39840,37890,9202,4460,4742
923,Estados Unidos Mexicanos,México,De 5 000 a 9 999 habitantes,De 15 a 19 años,67053,32377,34676,59256,29346,29910,7797,3031,4766
924,Estados Unidos Mexicanos,México,De 5 000 a 9 999 habitantes,De 20 a 24 años,55486,26594,28892,47059,23599,23460,8427,2995,5432
925,Estados Unidos Mexicanos,México,De 5 000 a 9 999 habitantes,De 25 a 29 años,47211,22900,24311,38509,19848,18661,8702,3052,5650
926,Estados Unidos Mexicanos,México,De 5 000 a 9 999 habitantes,De 30 a 34 años,39713,19820,19893,32108,17154,14954,7605,2666,4939
927,Estados Unidos Mexicanos,México,De 5 000 a 9 999 habitantes,De 35 a 39 años,36673,18693,17980,27884,15656,12228,8789,3037,5752
928,Estados Unidos Mexicanos,México,De 5 000 a 9 999 habitantes,De 40 años y más,100065,49769,50296,64780,37150,27630,35285,12619,22666
929,Estados Unidos Mexicanos,México,De 10 000 a 19 999 habitantes,Total,217360,106703,110657,174440,89383,85057,42920,17320,25600
930,Estados Unidos Mexicanos,México,De 10 000 a 19 999 habitantes,De 6 a 9 años,35763,17915,17848,19940,9973,9967,15823,7942,7881
931,Estados Unidos Mexicanos,México,De 10 000 a 19 999 habitantes,De 10 a 14 años,36271,17878,18393,33732,16750,16982,2539,1128,1411
932,Estados Unidos Mexicanos,México,De 10 000 a 19 999 habitantes,De 15 a 19 años,28880,13645,15235,26670,12829,13841,2210,816,1394
933,Estados Unidos Mexicanos,México,De 10 000 a 19 999 habitantes,De 20 a 24 años,24999,11719,13280,22335,10827,11508,2664,892,1772
934,Estados Unidos Mexicanos,México,De 10 000 a 19 999 habitantes,De 25 a 29 años,20136,9878,10258,17354,8966,8388,2782,912,1870
935,Estados Unidos Mexicanos,México,De 10 000 a 19 999 habitantes,De 30 a 34 años,16412,8316,8096,13873,7445,6428,2539,871,1668
936,Estados Unidos Mexicanos,México,De 10 000 a 19 999 habitantes,De 35 a 39 años,14781,7502,7279,12022,6587,5435,2759,915,1844
937,Estados Unidos Mexicanos,México,De 10 000 a 19 999 habitantes,De 40 años y más,40118,19850,20268,28514,16006,12508,11604,3844,7760
938,Estados Unidos Mexicanos,México,De 20 000 a 49 999 habitantes,Total,113948,55551,58397,91848,45979,45869,22100,9572,12528
939,Estados Unidos Mexicanos,México,De 20 000 a 49 999 habitantes,De 6 a 9 años,18202,9429,8773,10387,5270,5117,7815,4159,3656
940,Estados Unidos Mexicanos,México,De 20 000 a 49 999 habitantes,De 10 a 14 años,17791,8835,8956,16047,7931,8116,1744,904,840
941,Estados Unidos Mexicanos,México,De 20 000 a 49 999 habitantes,De 15 a 19 años,15319,6740,8579,13602,6054,7548,1717,686,1031
942,Estados Unidos Mexicanos,México,De 20 000 a 49 999 habitantes,De 20 a 24 años,13058,5921,7137,11450,5346,6104,1608,575,1033
943,Estados Unidos Mexicanos,México,De 20 000 a 49 999 habitantes,De 25 a 29 años,11428,5261,6167,9776,4724,5052,1652,537,1115
944,Estados Unidos Mexicanos,México,De 20 000 a 49 999 habitantes,De 30 a 34 años,9835,4946,4889,8450,4458,3992,1385,488,897
945,Estados Unidos Mexicanos,México,De 20 000 a 49 999 habitantes,De 35 a 39 años,8466,4337,4129,6988,3821,3167,1478,516,962
946,Estados Unidos Mexicanos,México,De 20 000 a 49 999 habitantes,De 40 años y más,19849,10082,9767,15148,8375,6773,4701,1707,2994
947,Estados Unidos Mexicanos,México,De 50 000 habitantes y más,Total,532142,266370,265772,419215,219168,200047,112927,47202,65725
948,Estados Unidos Mexicanos,México,De 50 000 habitantes y más,De 6 a 9 años,93963,48241,45722,49691,25340,24351,44272,22901,21371
949,Estados Unidos Mexicanos,México,De 50 000 habitantes y más,De 10 a 14 años,90151,45807,44344,82711,42124,40587,7440,3683,3757
950,Estados Unidos Mexicanos,México,De 50 000 habitantes y más,De 15 a 19 años,68146,33416,34730,62573,31084,31489,5573,2332,3241
951,Estados Unidos Mexicanos,México,De 50 000 habitantes y más,De 20 a 24 años,59351,28421,30930,52464,26078,26386,6887,2343,4544
952,Estados Unidos Mexicanos,México,De 50 000 habitantes y más,De 25 a 29 años,51241,25362,25879,43708,22878,20830,7533,2484,5049
953,Estados Unidos Mexicanos,México,De 50 000 habitantes y más,De 30 a 34 años,41978,21339,20639,34952,18980,15972,7026,2359,4667
954,Estados Unidos Mexicanos,México,De 50 000 habitantes y más,De 35 a 39 años,37977,19598,18379,30409,17164,13245,7568,2434,5134
955,Estados Unidos Mexicanos,México,De 50 000 habitantes y más,De 40 años y más,89335,44186,45149,62707,35520,27187,26628,8666,17962
956,Estados Unidos Mexicanos,Michoacán,Total,Total,1837309,917831,919478,1124444,572628,551816,712865,345203,367662
957,Estados Unidos Mexicanos,Michoacán,Total,De 6 a 9 años,308945,158312,150633,112308,56167,56141,196637,102145,94492
958,Estados Unidos Mexicanos,Michoacán,Total,De 10 a 14 años,326298,169078,157220,246799,126029,120770,79499,43049,36450
959,Estados Unidos Mexicanos,Michoacán,Total,De 15 a 19 años,244514,122750,121764,187823,93786,94037,56691,28964,27727
960,Estados Unidos Mexicanos,Michoacán,Total,De 20 a 24 años,178034,84422,93612,130814,63055,67759,47220,21367,25853
961,Estados Unidos Mexicanos,Michoacán,Total,De 25 a 29 años,137357,65328,72029,94117,46193,47924,43240,19135,24105
962,Estados Unidos Mexicanos,Michoacán,Total,De 30 a 34 años,112934,54910,58024,74342,37812,36530,38592,17098,21494
963,Estados Unidos Mexicanos,Michoacán,Total,De 35 a 39 años,114177,55317,58860,69904,36113,33791,44273,19204,25069
964,Estados Unidos Mexicanos,Michoacán,Total,De 40 años y más,415050,207714,207336,208337,113473,94864,206713,94241,112472
965,Estados Unidos Mexicanos,Michoacán,Hasta 2 499 habitantes,Total,980631,499186,481445,524957,274159,250798,455674,225027,230647
966,Estados Unidos Mexicanos,Michoacán,Hasta 2 499 habitantes,De 6 a 9 años,171243,87870,83373,50172,25071,25101,121071,62799,58272
967,Estados Unidos Mexicanos,Michoacán,Hasta 2 499 habitantes,De 10 a 14 años,176187,92009,84178,121053,62026,59027,55134,29983,25151
968,Estados Unidos Mexicanos,Michoacán,Hasta 2 499 habitantes,De 15 a 19 años,127332,65126,62206,89156,45214,43942,38176,19912,18264
969,Estados Unidos Mexicanos,Michoacán,Hasta 2 499 habitantes,De 20 a 24 años,93113,45565,47548,61924,31032,30892,31189,14533,16656
970,Estados Unidos Mexicanos,Michoacán,Hasta 2 499 habitantes,De 25 a 29 años,73676,35778,37898,45047,22752,22295,28629,13026,15603
971,Estados Unidos Mexicanos,Michoacán,Hasta 2 499 habitantes,De 30 a 34 años,60053,29858,30195,35014,18503,16511,25039,11355,13684
972,Estados Unidos Mexicanos,Michoacán,Hasta 2 499 habitantes,De 35 a 39 años,60771,30035,30736,32322,17294,15028,28449,12741,15708
973,Estados Unidos Mexicanos,Michoacán,Hasta 2 499 habitantes,De 40 años y más,218256,112945,105311,90269,52267,38002,127987,60678,67309
974,Estados Unidos Mexicanos,Michoacán,De 2 500 a 4 999 habitantes,Total,197856,99354,98502,125966,64830,61136,71890,34524,37366
975,Estados Unidos Mexicanos,Michoacán,De 2 500 a 4 999 habitantes,De 6 a 9 años,32644,16985,15659,12927,6545,6382,19717,10440,9277
976,Estados Unidos Mexicanos,Michoacán,De 2 500 a 4 999 habitantes,De 10 a 14 años,35001,18560,16441,27972,14737,13235,7029,3823,3206
977,Estados Unidos Mexicanos,Michoacán,De 2 500 a 4 999 habitantes,De 15 a 19 años,25563,12937,12626,20389,10309,10080,5174,2628,2546
978,Estados Unidos Mexicanos,Michoacán,De 2 500 a 4 999 habitantes,De 20 a 24 años,18183,8620,9563,13752,6633,7119,4431,1987,2444
979,Estados Unidos Mexicanos,Michoacán,De 2 500 a 4 999 habitantes,De 25 a 29 años,14101,6747,7354,9979,4943,5036,4122,1804,2318
980,Estados Unidos Mexicanos,Michoacán,De 2 500 a 4 999 habitantes,De 30 a 34 años,12104,5839,6265,8182,4090,4092,3922,1749,2173
981,Estados Unidos Mexicanos,Michoacán,De 2 500 a 4 999 habitantes,De 35 a 39 años,12254,5880,6374,7698,3923,3775,4556,1957,2599
982,Estados Unidos Mexicanos,Michoacán,De 2 500 a 4 999 habitantes,De 40 años y más,48006,23786,24220,25067,13650,11417,22939,10136,12803
983,Estados Unidos Mexicanos,Michoacán,De 5 000 a 9 999 habitantes,Total,153430,75413,78017,102611,51060,51551,50819,24353,26466
984,Estados Unidos Mexicanos,Michoacán,De 5 000 a 9 999 habitantes,De 6 a 9 años,25140,12882,12258,10481,5178,5303,14659,7704,6955
985,Estados Unidos Mexicanos,Michoacán,De 5 000 a 9 999 habitantes,De 10 a 14 años,27404,14024,13380,22248,11277,10971,5156,2747,2409
986,Estados Unidos Mexicanos,Michoacán,De 5 000 a 9 999 habitantes,De 15 a 19 años,20621,10055,10566,16976,8267,8709,3645,1788,1857
987,Estados Unidos Mexicanos,Michoacán,De 5 000 a 9 999 habitantes,De 20 a 24 años,14282,6705,7577,11231,5341,5890,3051,1364,1687
988,Estados Unidos Mexicanos,Michoacán,De 5 000 a 9 999 habitantes,De 25 a 29 años,10757,5080,5677,7947,3818,4129,2810,1262,1548
989,Estados Unidos Mexicanos,Michoacán,De 5 000 a 9 999 habitantes,De 30 a 34 años,9269,4316,4953,6575,3164,3411,2694,1152,1542
990,Estados Unidos Mexicanos,Michoacán,De 5 000 a 9 999 habitantes,De 35 a 39 años,9409,4521,4888,6325,3192,3133,3084,1329,1755
991,Estados Unidos Mexicanos,Michoacán,De 5 000 a 9 999 habitantes,De 40 años y más,36548,17830,18718,20828,10823,10005,15720,7007,8713
992,Estados Unidos Mexicanos,Michoacán,De 10 000 a 19 999 habitantes,Total,83490,40666,42824,57468,28508,28960,26022,12158,13864
993,Estados Unidos Mexicanos,Michoacán,De 10 000 a 19 999 habitantes,De 6 a 9 años,13710,7098,6612,6000,3054,2946,7710,4044,3666
994,Estados Unidos Mexicanos,Michoacán,De 10 000 a 19 999 habitantes,De 10 a 14 años,14701,7531,7170,12278,6226,6052,2423,1305,1118
995,Estados Unidos Mexicanos,Michoacán,De 10 000 a 19 999 habitantes,De 15 a 19 años,11443,5660,5783,9495,4718,4777,1948,942,1006
996,Estados Unidos Mexicanos,Michoacán,De 10 000 a 19 999 habitantes,De 20 a 24 años,8170,3683,4487,6552,2980,3572,1618,703,915
997,Estados Unidos Mexicanos,Michoacán,De 10 000 a 19 999 habitantes,De 25 a 29 años,6234,2874,3360,4791,2296,2495,1443,578,865
998,Estados Unidos Mexicanos,Michoacán,De 10 000 a 19 999 habitantes,De 30 a 34 años,5036,2395,2641,3764,1827,1937,1272,568,704
999,Estados Unidos Mexicanos,Michoacán,De 10 000 a 19 999 habitantes,De 35 a 39 años,4961,2308,2653,3449,1728,1721,1512,580,932
1000,Estados Unidos Mexicanos,Michoacán,De 10 000 a 19 999 habitantes,De 40 años y más,19235,9117,10118,11139,5679,5460,8096,3438,4658
1001,Estados Unidos Mexicanos,Michoacán,De 20 000 a 49 999 habitantes,Total,178548,86462,92086,126260,62737,63523,52288,23725,28563
1002,Estados Unidos Mexicanos,Michoacán,De 20 000 a 49 999 habitantes,De 6 a 9 años,28876,14609,14267,13368,6705,6663,15508,7904,7604
1003,Estados Unidos Mexicanos,Michoacán,De 20 000 a 49 999 habitantes,De 10 a 14 años,31434,15944,15490,26585,13454,13131,4849,2490,2359
1004,Estados Unidos Mexicanos,Michoacán,De 20 000 a 49 999 habitantes,De 15 a 19 años,24777,12034,12743,20981,10250,10731,3796,1784,2012
1005,Estados Unidos Mexicanos,Michoacán,De 20 000 a 49 999 habitantes,De 20 a 24 años,18316,8212,10104,14832,6813,8019,3484,1399,2085
1006,Estados Unidos Mexicanos,Michoacán,De 20 000 a 49 999 habitantes,De 25 a 29 años,13619,6229,7390,10462,4949,5513,3157,1280,1877
1007,Estados Unidos Mexicanos,Michoacán,De 20 000 a 49 999 habitantes,De 30 a 34 años,11399,5445,5954,8512,4260,4252,2887,1185,1702
1008,Estados Unidos Mexicanos,Michoacán,De 20 000 a 49 999 habitantes,De 35 a 39 años,11191,5328,5863,7981,4035,3946,3210,1293,1917
1009,Estados Unidos Mexicanos,Michoacán,De 20 000 a 49 999 habitantes,De 40 años y más,38936,18661,20275,23539,12271,11268,15397,6390,9007
1010,Estados Unidos Mexicanos,Michoacán,De 50 000 habitantes y más,Total,243354,116750,126604,187182,91334,95848,56172,25416,30756
1011,Estados Unidos Mexicanos,Michoacán,De 50 000 habitantes y más,De 6 a 9 años,37332,18868,18464,19360,9614,9746,17972,9254,8718
1012,Estados Unidos Mexicanos,Michoacán,De 50 000 habitantes y más,De 10 a 14 años,41571,21010,20561,36663,18309,18354,4908,2701,2207
1013,Estados Unidos Mexicanos,Michoacán,De 50 000 habitantes y más,De 15 a 19 años,34778,16938,17840,30826,15028,15798,3952,1910,2042
1014,Estados Unidos Mexicanos,Michoacán,De 50 000 habitantes y más,De 20 a 24 años,25970,11637,14333,22523,10256,12267,3447,1381,2066
1015,Estados Unidos Mexicanos,Michoacán,De 50 000 habitantes y más,De 25 a 29 años,18970,8620,10350,15891,7435,8456,3079,1185,1894
1016,Estados Unidos Mexicanos,Michoacán,De 50 000 habitantes y más,De 30 a 34 años,15073,7057,8016,12295,5968,6327,2778,1089,1689
1017,Estados Unidos Mexicanos,Michoacán,De 50 000 habitantes y más,De 35 a 39 años,15591,7245,8346,12129,5941,6188,3462,1304,2158
1018,Estados Unidos Mexicanos,Michoacán,De 50 000 habitantes y más,De 40 años y más,54069,25375,28694,37495,18783,18712,16574,6592,9982
1019,Estados Unidos Mexicanos,Morelos,Total,Total,493248,244979,248269,347623,179574,168049,145625,65405,80220
1020,Estados Unidos Mexicanos,Morelos,Total,De 6 a 9 años,79199,39989,39210,38658,19228,19430,40541,20761,19780
1021,Estados Unidos Mexicanos,Morelos,Total,De 10 a 14 años,82570,42036,40534,72007,36502,35505,10563,5534,5029
1022,Estados Unidos Mexicanos,Morelos,Total,De 15 a 19 años,63134,31493,31641,54348,27378,26970,8786,4115,4671
1023,Estados Unidos Mexicanos,Morelos,Total,De 20 a 24 años,48816,23491,25325,39425,19410,20015,9391,4081,5310
1024,Estados Unidos Mexicanos,Morelos,Total,De 25 a 29 años,40313,19438,20875,30475,15390,15085,9838,4048,5790
1025,Estados Unidos Mexicanos,Morelos,Total,De 30 a 34 años,33755,16512,17243,24578,12750,11828,9177,3762,5415
1026,Estados Unidos Mexicanos,Morelos,Total,De 35 a 39 años,35267,17353,17914,23791,12794,10997,11476,4559,6917
1027,Estados Unidos Mexicanos,Morelos,Total,De 40 años y más,110194,54667,55527,64341,36122,28219,45853,18545,27308
1028,Estados Unidos Mexicanos,Morelos,Hasta 2 499 habitantes,Total,146045,74768,71277,93850,50333,43517,52195,24435,27760
1029,Estados Unidos Mexicanos,Morelos,Hasta 2 499 habitantes,De 6 a 9 años,25159,12727,12432,10473,5194,5279,14686,7533,7153
1030,Estados Unidos Mexicanos,Morelos,Hasta 2 499 habitantes,De 10 a 14 años,25667,13304,12363,21322,10910,10412,4345,2394,1951
1031,Estados Unidos Mexicanos,Morelos,Hasta 2 499 habitantes,De 15 a 19 años,18022,9437,8585,14810,7829,6981,3212,1608,1604
1032,Estados Unidos Mexicanos,Morelos,Hasta 2 499 habitantes,De 20 a 24 años,13642,6941,6701,10377,5424,4953,3265,1517,1748
1033,Estados Unidos Mexicanos,Morelos,Hasta 2 499 habitantes,De 25 a 29 años,11524,5679,5845,8020,4197,3823,3504,1482,2022
1034,Estados Unidos Mexicanos,Morelos,Hasta 2 499 habitantes,De 30 a 34 años,9523,4778,4745,6327,3392,2935,3196,1386,1810
1035,Estados Unidos Mexicanos,Morelos,Hasta 2 499 habitantes,De 35 a 39 años,10218,5250,4968,6275,3590,2685,3943,1660,2283
1036,Estados Unidos Mexicanos,Morelos,Hasta 2 499 habitantes,De 40 años y más,32290,16652,15638,16246,9797,6449,16044,6855,9189
1037,Estados Unidos Mexicanos,Morelos,De 2 500 a 4 999 habitantes,Total,93404,46983,46421,64534,33992,30542,28870,12991,15879
1038,Estados Unidos Mexicanos,Morelos,De 2 500 a 4 999 habitantes,De 6 a 9 años,15234,7660,7574,7439,3690,3749,7795,3970,3825
1039,Estados Unidos Mexicanos,Morelos,De 2 500 a 4 999 habitantes,De 10 a 14 años,15933,8219,7714,13900,7150,6750,2033,1069,964
1040,Estados Unidos Mexicanos,Morelos,De 2 500 a 4 999 habitantes,De 15 a 19 años,11842,6117,5725,10097,5288,4809,1745,829,916
1041,Estados Unidos Mexicanos,Morelos,De 2 500 a 4 999 habitantes,De 20 a 24 años,8955,4397,4558,7106,3582,3524,1849,815,1034
1042,Estados Unidos Mexicanos,Morelos,De 2 500 a 4 999 habitantes,De 25 a 29 años,7206,3523,3683,5426,2797,2629,1780,726,1054
1043,Estados Unidos Mexicanos,Morelos,De 2 500 a 4 999 habitantes,De 30 a 34 años,6221,3054,3167,4376,2295,2081,1845,759,1086
1044,Estados Unidos Mexicanos,Morelos,De 2 500 a 4 999 habitantes,De 35 a 39 años,6637,3278,3359,4298,2345,1953,2339,933,1406
1045,Estados Unidos Mexicanos,Morelos,De 2 500 a 4 999 habitantes,De 40 años y más,21376,10735,10641,11892,6845,5047,9484,3890,5594
1046,Estados Unidos Mexicanos,Morelos,De 5 000 a 9 999 habitantes,Total,87810,44021,43789,57652,30174,27478,30158,13847,16311
1047,Estados Unidos Mexicanos,Morelos,De 5 000 a 9 999 habitantes,De 6 a 9 años,14332,7214,7118,6471,3211,3260,7861,4003,3858
1048,Estados Unidos Mexicanos,Morelos,De 5 000 a 9 999 habitantes,De 10 a 14 años,14786,7595,7191,12387,6364,6023,2399,1231,1168
1049,Estados Unidos Mexicanos,Morelos,De 5 000 a 9 999 habitantes,De 15 a 19 años,11158,5538,5620,9131,4580,4551,2027,958,1069
1050,Estados Unidos Mexicanos,Morelos,De 5 000 a 9 999 habitantes,De 20 a 24 años,8738,4229,4509,6471,3189,3282,2267,1040,1227
1051,Estados Unidos Mexicanos,Morelos,De 5 000 a 9 999 habitantes,De 25 a 29 años,7285,3600,3685,4961,2606,2355,2324,994,1330
1052,Estados Unidos Mexicanos,Morelos,De 5 000 a 9 999 habitantes,De 30 a 34 años,6073,2983,3090,4059,2154,1905,2014,829,1185
1053,Estados Unidos Mexicanos,Morelos,De 5 000 a 9 999 habitantes,De 35 a 39 años,6393,3159,3234,3961,2144,1817,2432,1015,1417
1054,Estados Unidos Mexicanos,Morelos,De 5 000 a 9 999 habitantes,De 40 años y más,19045,9703,9342,10211,5926,4285,8834,3777,5057
1055,Estados Unidos Mexicanos,Morelos,De 10 000 a 19 999 habitantes,Total,56612,27335,29277,43742,21953,21789,12870,5382,7488
1056,Estados Unidos Mexicanos,Morelos,De 10 000 a 19 999 habitantes,De 6 a 9 años,8634,4374,4260,5094,2541,2553,3540,1833,1707
1057,Estados Unidos Mexicanos,Morelos,De 10 000 a 19 999 habitantes,De 10 a 14 años,9481,4717,4764,8798,4397,4401,683,320,363
1058,Estados Unidos Mexicanos,Morelos,De 10 000 a 19 999 habitantes,De 15 a 19 años,7386,3608,3778,6728,3330,3398,658,278,380
1059,Estados Unidos Mexicanos,Morelos,De 10 000 a 19 999 habitantes,De 20 a 24 años,5475,2434,3041,4769,2187,2582,706,247,459
1060,Estados Unidos Mexicanos,Morelos,De 10 000 a 19 999 habitantes,De 25 a 29 años,4394,2005,2389,3590,1685,1905,804,320,484
1061,Estados Unidos Mexicanos,Morelos,De 10 000 a 19 999 habitantes,De 30 a 34 años,3932,1837,2095,3115,1534,1581,817,303,514
1062,Estados Unidos Mexicanos,Morelos,De 10 000 a 19 999 habitantes,De 35 a 39 años,4173,1980,2193,3062,1592,1470,1111,388,723
1063,Estados Unidos Mexicanos,Morelos,De 10 000 a 19 999 habitantes,De 40 años y más,13137,6380,6757,8586,4687,3899,4551,1693,2858
1064,Estados Unidos Mexicanos,Morelos,De 50 000 habitantes y más,Total,109377,51872,57505,87845,43122,44723,21532,8750,12782
1065,Estados Unidos Mexicanos,Morelos,De 50 000 habitantes y más,De 6 a 9 años,15840,8014,7826,9181,4592,4589,6659,3422,3237
1066,Estados Unidos Mexicanos,Morelos,De 50 000 habitantes y más,De 10 a 14 años,16703,8201,8502,15600,7681,7919,1103,520,583
1067,Estados Unidos Mexicanos,Morelos,De 50 000 habitantes y más,De 15 a 19 años,14726,6793,7933,13582,6351,7231,1144,442,702
1068,Estados Unidos Mexicanos,Morelos,De 50 000 habitantes y más,De 20 a 24 años,12006,5490,6516,10702,5028,5674,1304,462,842
1069,Estados Unidos Mexicanos,Morelos,De 50 000 habitantes y más,De 25 a 29 años,9904,4631,5273,8478,4105,4373,1426,526,900
1070,Estados Unidos Mexicanos,Morelos,De 50 000 habitantes y más,De 30 a 34 años,8006,3860,4146,6701,3375,3326,1305,485,820
1071,Estados Unidos Mexicanos,Morelos,De 50 000 habitantes y más,De 35 a 39 años,7846,3686,4160,6195,3123,3072,1651,563,1088
1072,Estados Unidos Mexicanos,Morelos,De 50 000 habitantes y más,De 40 años y más,24346,11197,13149,17406,8867,8539,6940,2330,4610
1073,Estados Unidos Mexicanos,Nayarit,Total,Total,430452,218461,211991,319183,162273,156910,111269,56188,55081
1074,Estados Unidos Mexicanos,Nayarit,Total,De 6 a 9 años,71055,35844,35211,36919,18058,18861,34136,17786,16350
1075,Estados Unidos Mexicanos,Nayarit,Total,De 10 a 14 años,74948,38362,36586,67160,34047,33113,7788,4315,3473
1076,Estados Unidos Mexicanos,Nayarit,Total,De 15 a 19 años,57647,29747,27900,50987,26174,24813,6660,3573,3087
1077,Estados Unidos Mexicanos,Nayarit,Total,De 20 a 24 años,41807,20603,21204,35612,17582,18030,6195,3021,3174
1078,Estados Unidos Mexicanos,Nayarit,Total,De 25 a 29 años,33652,16815,16837,27337,13733,13604,6315,3082,3233
1079,Estados Unidos Mexicanos,Nayarit,Total,De 30 a 34 años,26659,13406,13253,20894,10604,10290,5765,2802,2963
1080,Estados Unidos Mexicanos,Nayarit,Total,De 35 a 39 años,26623,13530,13093,19462,10092,9370,7161,3438,3723
1081,Estados Unidos Mexicanos,Nayarit,Total,De 40 años y más,98061,50154,47907,60812,31983,28829,37249,18171,19078
1082,Estados Unidos Mexicanos,Nayarit,Hasta 2 499 habitantes,Total,212364,111179,101185,144489,75933,68556,67875,35246,32629
1083,Estados Unidos Mexicanos,Nayarit,Hasta 2 499 habitantes,De 6 a 9 años,37002,18733,18269,16146,7891,8255,20856,10842,10014
1084,Estados Unidos Mexicanos,Nayarit,Hasta 2 499 habitantes,De 10 a 14 años,37347,19258,18089,32226,16429,15797,5121,2829,2292
1085,Estados Unidos Mexicanos,Nayarit,Hasta 2 499 habitantes,De 15 a 19 años,27695,14803,12892,23397,12404,10993,4298,2399,1899
1086,Estados Unidos Mexicanos,Nayarit,Hasta 2 499 habitantes,De 20 a 24 años,20600,10715,9885,16674,8751,7923,3926,1964,1962
1087,Estados Unidos Mexicanos,Nayarit,Hasta 2 499 habitantes,De 25 a 29 años,16819,8788,8031,12694,6733,5961,4125,2055,2070
1088,Estados Unidos Mexicanos,Nayarit,Hasta 2 499 habitantes,De 30 a 34 años,13165,6927,6238,9513,5092,4421,3652,1835,1817
1089,Estados Unidos Mexicanos,Nayarit,Hasta 2 499 habitantes,De 35 a 39 años,13268,7006,6262,8829,4755,4074,4439,2251,2188
1090,Estados Unidos Mexicanos,Nayarit,Hasta 2 499 habitantes,De 40 años y más,46468,24949,21519,25010,13878,11132,21458,11071,10387
1091,Estados Unidos Mexicanos,Nayarit,De 2 500 a 4 999 habitantes,Total,51105,26164,24941,37904,19397,18507,13201,6767,6434
1092,Estados Unidos Mexicanos,Nayarit,De 2 500 a 4 999 habitantes,De 6 a 9 años,8395,4296,4099,4622,2326,2296,3773,1970,1803
1093,Estados Unidos Mexicanos,Nayarit,De 2 500 a 4 999 habitantes,De 10 a 14 años,9079,4647,4432,8154,4129,4025,925,518,407
1094,Estados Unidos Mexicanos,Nayarit,De 2 500 a 4 999 habitantes,De 15 a 19 años,6811,3536,3275,5924,3056,2868,887,480,407
1095,Estados Unidos Mexicanos,Nayarit,De 2 500 a 4 999 habitantes,De 20 a 24 años,4886,2485,2401,4115,2066,2049,771,419,352
1096,Estados Unidos Mexicanos,Nayarit,De 2 500 a 4 999 habitantes,De 25 a 29 años,3820,1932,1888,3151,1575,1576,669,357,312
1097,Estados Unidos Mexicanos,Nayarit,De 2 500 a 4 999 habitantes,De 30 a 34 años,3059,1551,1508,2381,1200,1181,678,351,327
1098,Estados Unidos Mexicanos,Nayarit,De 2 500 a 4 999 habitantes,De 35 a 39 años,3093,1564,1529,2227,1173,1054,866,391,475
1099,Estados Unidos Mexicanos,Nayarit,De 2 500 a 4 999 habitantes,De 40 años y más,11962,6153,5809,7330,3872,3458,4632,2281,2351
1100,Estados Unidos Mexicanos,Nayarit,De 5 000 a 9 999 habitantes,Total,29400,14895,14505,23260,11846,11414,6140,3049,3091
1101,Estados Unidos Mexicanos,Nayarit,De 5 000 a 9 999 habitantes,De 6 a 9 años,4568,2361,2207,2581,1291,1290,1987,1070,917
1102,Estados Unidos Mexicanos,Nayarit,De 5 000 a 9 999 habitantes,De 10 a 14 años,5083,2670,2413,4692,2463,2229,391,207,184
1103,Estados Unidos Mexicanos,Nayarit,De 5 000 a 9 999 habitantes,De 15 a 19 años,4211,2204,2007,3870,2043,1827,341,161,180
1104,Estados Unidos Mexicanos,Nayarit,De 5 000 a 9 999 habitantes,De 20 a 24 años,2844,1373,1471,2548,1232,1316,296,141,155
1105,Estados Unidos Mexicanos,Nayarit,De 5 000 a 9 999 habitantes,De 25 a 29 años,2202,1056,1146,1899,909,990,303,147,156
1106,Estados Unidos Mexicanos,Nayarit,De 5 000 a 9 999 habitantes,De 30 a 34 años,1762,867,895,1475,736,739,287,131,156
1107,Estados Unidos Mexicanos,Nayarit,De 5 000 a 9 999 habitantes,De 35 a 39 años,1820,900,920,1409,709,700,411,191,220
1108,Estados Unidos Mexicanos,Nayarit,De 5 000 a 9 999 habitantes,De 40 años y más,6910,3464,3446,4786,2463,2323,2124,1001,1123
1109,Estados Unidos Mexicanos,Nayarit,De 10 000 a 19 999 habitantes,Total,50937,24687,26250,40483,19758,20725,10454,4929,5525
1110,Estados Unidos Mexicanos,Nayarit,De 10 000 a 19 999 habitantes,De 6 a 9 años,8000,3879,4121,4864,2234,2630,3136,1645,1491
1111,Estados Unidos Mexicanos,Nayarit,De 10 000 a 19 999 habitantes,De 10 a 14 años,8941,4551,4390,8326,4206,4120,615,345,270
1112,Estados Unidos Mexicanos,Nayarit,De 10 000 a 19 999 habitantes,De 15 a 19 años,6889,3346,3543,6370,3096,3274,519,250,269
1113,Estados Unidos Mexicanos,Nayarit,De 10 000 a 19 999 habitantes,De 20 a 24 años,4702,2129,2573,4183,1917,2266,519,212,307
1114,Estados Unidos Mexicanos,Nayarit,De 10 000 a 19 999 habitantes,De 25 a 29 años,3760,1789,1971,3244,1559,1685,516,230,286
1115,Estados Unidos Mexicanos,Nayarit,De 10 000 a 19 999 habitantes,De 30 a 34 años,3156,1471,1685,2677,1269,1408,479,202,277
1116,Estados Unidos Mexicanos,Nayarit,De 10 000 a 19 999 habitantes,De 35 a 39 años,3143,1534,1609,2510,1263,1247,633,271,362
1117,Estados Unidos Mexicanos,Nayarit,De 10 000 a 19 999 habitantes,De 40 años y más,12346,5988,6358,8309,4214,4095,4037,1774,2263
1118,Estados Unidos Mexicanos,Nayarit,De 20 000 a 49 999 habitantes,Total,16357,7992,8365,12674,6230,6444,3683,1762,1921
1119,Estados Unidos Mexicanos,Nayarit,De 20 000 a 49 999 habitantes,De 6 a 9 años,2476,1249,1227,1425,717,708,1051,532,519
1120,Estados Unidos Mexicanos,Nayarit,De 20 000 a 49 999 habitantes,De 10 a 14 años,2735,1407,1328,2493,1260,1233,242,147,95
1121,Estados Unidos Mexicanos,Nayarit,De 20 000 a 49 999 habitantes,De 15 a 19 años,2115,1052,1063,1918,948,970,197,104,93
1122,Estados Unidos Mexicanos,Nayarit,De 20 000 a 49 999 habitantes,De 20 a 24 años,1503,676,827,1318,592,726,185,84,101
1123,Estados Unidos Mexicanos,Nayarit,De 20 000 a 49 999 habitantes,De 25 a 29 años,1275,587,688,1108,509,599,167,78,89
1124,Estados Unidos Mexicanos,Nayarit,De 20 000 a 49 999 habitantes,De 30 a 34 años,1009,481,528,831,409,422,178,72,106
1125,Estados Unidos Mexicanos,Nayarit,De 20 000 a 49 999 habitantes,De 35 a 39 años,1068,511,557,851,406,445,217,105,112
1126,Estados Unidos Mexicanos,Nayarit,De 20 000 a 49 999 habitantes,De 40 años y más,4176,2029,2147,2730,1389,1341,1446,640,806
1127,Estados Unidos Mexicanos,Nayarit,De 50 000 habitantes y más,Total,70289,33544,36745,60373,29109,31264,9916,4435,5481
1128,Estados Unidos Mexicanos,Nayarit,De 50 000 habitantes y más,De 6 a 9 años,10614,5326,5288,7281,3599,3682,3333,1727,1606
1129,Estados Unidos Mexicanos,Nayarit,De 50 000 habitantes y más,De 10 a 14 años,11763,5829,5934,11269,5560,5709,494,269,225
1130,Estados Unidos Mexicanos,Nayarit,De 50 000 habitantes y más,De 15 a 19 años,9926,4806,5120,9508,4627,4881,418,179,239
1131,Estados Unidos Mexicanos,Nayarit,De 50 000 habitantes y más,De 20 a 24 años,7272,3225,4047,6774,3024,3750,498,201,297
1132,Estados Unidos Mexicanos,Nayarit,De 50 000 habitantes y más,De 25 a 29 años,5776,2663,3113,5241,2448,2793,535,215,320
1133,Estados Unidos Mexicanos,Nayarit,De 50 000 habitantes y más,De 30 a 34 años,4508,2109,2399,4017,1898,2119,491,211,280
1134,Estados Unidos Mexicanos,Nayarit,De 50 000 habitantes y más,De 35 a 39 años,4231,2015,2216,3636,1786,1850,595,229,366
1135,Estados Unidos Mexicanos,Nayarit,De 50 000 habitantes y más,De 40 años y más,16199,7571,8628,12647,6167,6480,3552,1404,2148
1136,Estados Unidos Mexicanos,Nuevo León,Total,Total,1350809,675237,675572,1169851,591055,578796,180958,84182,96776
1137,Estados Unidos Mexicanos,Nuevo León,Total,De 6 a 9 años,200166,102888,97278,141820,71511,70309,58346,31377,26969
1138,Estados Unidos Mexicanos,Nuevo León,Total,De 10 a 14 años,216457,110548,105909,207294,105708,101586,9163,4840,4323
1139,Estados Unidos Mexicanos,Nuevo León,Total,De 15 a 19 años,175192,86636,88556,167054,82719,84335,8138,3917,4221
1140,Estados Unidos Mexicanos,Nuevo León,Total,De 20 a 24 años,151329,74115,77214,141924,70105,71819,9405,4010,5395
1141,Estados Unidos Mexicanos,Nuevo León,Total,De 25 a 29 años,122846,60781,62065,112777,56586,56191,10069,4195,5874
1142,Estados Unidos Mexicanos,Nuevo León,Total,De 30 a 34 años,99575,50126,49449,89881,45981,43900,9694,4145,5549
1143,Estados Unidos Mexicanos,Nuevo León,Total,De 35 a 39 años,85865,43062,42803,75026,38619,36407,10839,4443,6396
1144,Estados Unidos Mexicanos,Nuevo León,Total,De 40 años y más,299379,147081,152298,234075,119826,114249,65304,27255,38049
1145,Estados Unidos Mexicanos,Nuevo León,Hasta 2 499 habitantes,Total,311477,162341,149136,247255,129938,117317,64222,32403,31819
1146,Estados Unidos Mexicanos,Nuevo León,Hasta 2 499 habitantes,De 6 a 9 años,51065,26353,24712,32729,16487,16242,18336,9866,8470
1147,Estados Unidos Mexicanos,Nuevo León,Hasta 2 499 habitantes,De 10 a 14 años,52078,27007,25071,48433,25030,23403,3645,1977,1668
1148,Estados Unidos Mexicanos,Nuevo León,Hasta 2 499 habitantes,De 15 a 19 años,36846,19330,17516,33860,17730,16130,2986,1600,1386
1149,Estados Unidos Mexicanos,Nuevo León,Hasta 2 499 habitantes,De 20 a 24 años,30854,15575,15279,27486,14014,13472,3368,1561,1807
1150,Estados Unidos Mexicanos,Nuevo León,Hasta 2 499 habitantes,De 25 a 29 años,26730,13399,13331,22933,11689,11244,3797,1710,2087
1151,Estados Unidos Mexicanos,Nuevo León,Hasta 2 499 habitantes,De 30 a 34 años,22708,11818,10890,19061,10075,8986,3647,1743,1904
1152,Estados Unidos Mexicanos,Nuevo León,Hasta 2 499 habitantes,De 35 a 39 años,19861,10419,9442,15805,8471,7334,4056,1948,2108
1153,Estados Unidos Mexicanos,Nuevo León,Hasta 2 499 habitantes,De 40 años y más,71335,38440,32895,46948,26442,20506,24387,11998,12389
1154,Estados Unidos Mexicanos,Nuevo León,De 2 500 a 4 999 habitantes,Total,91099,45599,45500,78833,39741,39092,12266,5858,6408
1155,Estados Unidos Mexicanos,Nuevo León,De 2 500 a 4 999 habitantes,De 6 a 9 años,15312,7932,7380,11262,5676,5586,4050,2256,1794
1156,Estados Unidos Mexicanos,Nuevo León,De 2 500 a 4 999 habitantes,De 10 a 14 años,15537,8064,7473,14834,7623,7211,703,441,262
1157,Estados Unidos Mexicanos,Nuevo León,De 2 500 a 4 999 habitantes,De 15 a 19 años,11151,5441,5710,10565,5127,5438,586,314,272
1158,Estados Unidos Mexicanos,Nuevo León,De 2 500 a 4 999 habitantes,De 20 a 24 años,9064,4242,4822,8447,3966,4481,617,276,341
1159,Estados Unidos Mexicanos,Nuevo León,De 2 500 a 4 999 habitantes,De 25 a 29 años,8230,3914,4316,7562,3646,3916,668,268,400
1160,Estados Unidos Mexicanos,Nuevo León,De 2 500 a 4 999 habitantes,De 30 a 34 años,7261,3625,3636,6584,3348,3236,677,277,400
1161,Estados Unidos Mexicanos,Nuevo León,De 2 500 a 4 999 habitantes,De 35 a 39 años,5981,3099,2882,5302,2816,2486,679,283,396
1162,Estados Unidos Mexicanos,Nuevo León,De 2 500 a 4 999 habitantes,De 40 años y más,18563,9282,9281,14277,7539,6738,4286,1743,2543
1163,Estados Unidos Mexicanos,Nuevo León,De 5 000 a 9 999 habitantes,Total,96964,47294,49670,87767,43121,44646,9197,4173,5024
1164,Estados Unidos Mexicanos,Nuevo León,De 5 000 a 9 999 habitantes,De 6 a 9 años,14162,7192,6970,11022,5541,5481,3140,1651,1489
1165,Estados Unidos Mexicanos,Nuevo León,De 5 000 a 9 999 habitantes,De 10 a 14 años,15876,8076,7800,15472,7881,7591,404,195,209
1166,Estados Unidos Mexicanos,Nuevo León,De 5 000 a 9 999 habitantes,De 15 a 19 años,13256,6247,7009,12820,6062,6758,436,185,251
1167,Estados Unidos Mexicanos,Nuevo León,De 5 000 a 9 999 habitantes,De 20 a 24 años,10280,4752,5528,9841,4595,5246,439,157,282
1168,Estados Unidos Mexicanos,Nuevo León,De 5 000 a 9 999 habitantes,De 25 a 29 años,8161,3765,4396,7750,3588,4162,411,177,234
1169,Estados Unidos Mexicanos,Nuevo León,De 5 000 a 9 999 habitantes,De 30 a 34 años,7118,3465,3653,6685,3300,3385,433,165,268
1170,Estados Unidos Mexicanos,Nuevo León,De 5 000 a 9 999 habitantes,De 35 a 39 años,6413,3124,3289,5901,2934,2967,512,190,322
1171,Estados Unidos Mexicanos,Nuevo León,De 5 000 a 9 999 habitantes,De 40 años y más,21698,10673,11025,18276,9220,9056,3422,1453,1969
1172,Estados Unidos Mexicanos,Nuevo León,De 10 000 a 19 999 habitantes,Total,60685,30377,30308,53226,26829,26397,7459,3548,3911
1173,Estados Unidos Mexicanos,Nuevo León,De 10 000 a 19 999 habitantes,De 6 a 9 años,9288,4791,4497,6768,3419,3349,2520,1372,1148
1174,Estados Unidos Mexicanos,Nuevo León,De 10 000 a 19 999 habitantes,De 10 a 14 años,10061,5229,4832,9752,5055,4697,309,174,135
1175,Estados Unidos Mexicanos,Nuevo León,De 10 000 a 19 999 habitantes,De 15 a 19 años,7819,3869,3950,7557,3734,3823,262,135,127
1176,Estados Unidos Mexicanos,Nuevo León,De 10 000 a 19 999 habitantes,De 20 a 24 años,6330,3002,3328,6012,2886,3126,318,116,202
1177,Estados Unidos Mexicanos,Nuevo León,De 10 000 a 19 999 habitantes,De 25 a 29 años,5335,2602,2733,4956,2443,2513,379,159,220
1178,Estados Unidos Mexicanos,Nuevo León,De 10 000 a 19 999 habitantes,De 30 a 34 años,4492,2212,2280,4121,2056,2065,371,156,215
1179,Estados Unidos Mexicanos,Nuevo León,De 10 000 a 19 999 habitantes,De 35 a 39 años,3778,1890,1888,3402,1754,1648,376,136,240
1180,Estados Unidos Mexicanos,Nuevo León,De 10 000 a 19 999 habitantes,De 40 años y más,13582,6782,6800,10658,5482,5176,2924,1300,1624
1181,Estados Unidos Mexicanos,Nuevo León,De 20 000 a 49 999 habitantes,Total,58455,28956,29499,51189,25702,25487,7266,3254,4012
1182,Estados Unidos Mexicanos,Nuevo León,De 20 000 a 49 999 habitantes,De 6 a 9 años,9128,4630,4498,6722,3369,3353,2406,1261,1145
1183,Estados Unidos Mexicanos,Nuevo León,De 20 000 a 49 999 habitantes,De 10 a 14 años,9710,5020,4690,9446,4882,4564,264,138,126
1184,Estados Unidos Mexicanos,Nuevo León,De 20 000 a 49 999 habitantes,De 15 a 19 años,7606,3763,3843,7337,3635,3702,269,128,141
1185,Estados Unidos Mexicanos,Nuevo León,De 20 000 a 49 999 habitantes,De 20 a 24 años,6594,3064,3530,6236,2924,3312,358,140,218
1186,Estados Unidos Mexicanos,Nuevo León,De 20 000 a 49 999 habitantes,De 25 a 29 años,5309,2634,2675,4931,2468,2463,378,166,212
1187,Estados Unidos Mexicanos,Nuevo León,De 20 000 a 49 999 habitantes,De 30 a 34 años,4250,2085,2165,3884,1937,1947,366,148,218
1188,Estados Unidos Mexicanos,Nuevo León,De 20 000 a 49 999 habitantes,De 35 a 39 años,3788,1899,1889,3348,1728,1620,440,171,269
1189,Estados Unidos Mexicanos,Nuevo León,De 20 000 a 49 999 habitantes,De 40 años y más,12070,5861,6209,9285,4759,4526,2785,1102,1683
1190,Estados Unidos Mexicanos,Nuevo León,De 50 000 habitantes y más,Total,732129,360670,371459,651581,325724,325857,80548,34946,45602
1191,Estados Unidos Mexicanos,Nuevo León,De 50 000 habitantes y más,De 6 a 9 años,101211,51990,49221,73317,37019,36298,27894,14971,12923
1192,Estados Unidos Mexicanos,Nuevo León,De 50 000 habitantes y más,De 10 a 14 años,113195,57152,56043,109357,55237,54120,3838,1915,1923
1193,Estados Unidos Mexicanos,Nuevo León,De 50 000 habitantes y más,De 15 a 19 años,98514,47986,50528,94915,46431,48484,3599,1555,2044
1194,Estados Unidos Mexicanos,Nuevo León,De 50 000 habitantes y más,De 20 a 24 años,88207,43480,44727,83902,41720,42182,4305,1760,2545
1195,Estados Unidos Mexicanos,Nuevo León,De 50 000 habitantes y más,De 25 a 29 años,69081,34467,34614,64645,32752,31893,4436,1715,2721
1196,Estados Unidos Mexicanos,Nuevo León,De 50 000 habitantes y más,De 30 a 34 años,53746,26921,26825,49546,25265,24281,4200,1656,2544
1197,Estados Unidos Mexicanos,Nuevo León,De 50 000 habitantes y más,De 35 a 39 años,46044,22631,23413,41268,20916,20352,4776,1715,3061
1198,Estados Unidos Mexicanos,Nuevo León,De 50 000 habitantes y más,De 40 años y más,162131,76043,86088,134631,66384,68247,27500,9659,17841
1199,Estados Unidos Mexicanos,Oaxaca,Total,Total,1615160,797959,817201,886224,487714,398510,728936,310245,418691
1200,Estados Unidos Mexicanos,Oaxaca,Total,De 6 a 9 años,251747,125643,126104,95125,48082,47043,156622,77561,79061
1201,Estados Unidos Mexicanos,Oaxaca,Total,De 10 a 14 años,267645,137821,129824,196439,103093,93346,71206,34728,36478
1202,Estados Unidos Mexicanos,Oaxaca,Total,De 15 a 19 años,192021,94450,97571,135848,70694,65154,56173,23756,32417
1203,Estados Unidos Mexicanos,Oaxaca,Total,De 20 a 24 años,153824,71889,81935,97409,50790,46619,56415,21099,35316
1204,Estados Unidos Mexicanos,Oaxaca,Total,De 25 a 29 años,136758,63861,72897,78063,41850,36213,58695,22011,36684
1205,Estados Unidos Mexicanos,Oaxaca,Total,De 30 a 34 años,113129,55986,57143,62154,35420,26734,50975,20566,30409
1206,Estados Unidos Mexicanos,Oaxaca,Total,De 35 a 39 años,112582,54940,57642,60071,34783,25288,52511,20157,32354
1207,Estados Unidos Mexicanos,Oaxaca,Total,De 40 años y más,387454,193369,194085,161115,103002,58113,226339,90367,135972
1208,Estados Unidos Mexicanos,Oaxaca,Hasta 2 499 habitantes,Total,1171729,584042,587687,592826,335298,257528,578903,248744,330159
1209,Estados Unidos Mexicanos,Oaxaca,Hasta 2 499 habitantes,De 6 a 9 años,185141,92733,92408,62980,32142,30838,122161,60591,61570
1210,Estados Unidos Mexicanos,Oaxaca,Hasta 2 499 habitantes,De 10 a 14 años,194027,101111,92916,135309,72352,62957,58718,28759,29959
1211,Estados Unidos Mexicanos,Oaxaca,Hasta 2 499 habitantes,De 15 a 19 años,136161,67568,68593,90462,48239,42223,45699,19329,26370
1212,Estados Unidos Mexicanos,Oaxaca,Hasta 2 499 habitantes,De 20 a 24 años,111096,52359,58737,65131,35086,30045,45965,17273,28692
1213,Estados Unidos Mexicanos,Oaxaca,Hasta 2 499 habitantes,De 25 a 29 años,100813,47364,53449,52803,29174,23629,48010,18190,29820
1214,Estados Unidos Mexicanos,Oaxaca,Hasta 2 499 habitantes,De 30 a 34 años,83226,41643,41583,41839,24634,17205,41387,17009,24378
1215,Estados Unidos Mexicanos,Oaxaca,Hasta 2 499 habitantes,De 35 a 39 años,82089,40612,41477,40487,24227,16260,41602,16385,25217
1216,Estados Unidos Mexicanos,Oaxaca,Hasta 2 499 habitantes,De 40 años y más,279176,140652,138524,103815,69444,34371,175361,71208,104153
1217,Estados Unidos Mexicanos,Oaxaca,De 2 500 a 4 999 habitantes,Total,165477,80767,84710,95586,51199,44387,69891,29568,40323
1218,Estados Unidos Mexicanos,Oaxaca,De 2 500 a 4 999 habitantes,De 6 a 9 años,25911,12758,13153,10613,5251,5362,15298,7507,7791
1219,Estados Unidos Mexicanos,Oaxaca,De 2 500 a 4 999 habitantes,De 10 a 14 años,27615,13803,13812,21325,10737,10588,6290,3066,3224
1220,Estados Unidos Mexicanos,Oaxaca,De 2 500 a 4 999 habitantes,De 15 a 19 años,19479,9406,10073,14495,7350,7145,4984,2056,2928
1221,Estados Unidos Mexicanos,Oaxaca,De 2 500 a 4 999 habitantes,De 20 a 24 años,15155,7020,8135,10087,5142,4945,5068,1878,3190
1222,Estados Unidos Mexicanos,Oaxaca,De 2 500 a 4 999 habitantes,De 25 a 29 años,13307,6115,7192,8038,4166,3872,5269,1949,3320
1223,Estados Unidos Mexicanos,Oaxaca,De 2 500 a 4 999 habitantes,De 30 a 34 años,11158,5415,5743,6552,3659,2893,4606,1756,2850
1224,Estados Unidos Mexicanos,Oaxaca,De 2 500 a 4 999 habitantes,De 35 a 39 años,11268,5410,5858,6202,3527,2675,5066,1883,3183
1225,Estados Unidos Mexicanos,Oaxaca,De 2 500 a 4 999 habitantes,De 40 años y más,41584,20840,20744,18274,11367,6907,23310,9473,13837
1226,Estados Unidos Mexicanos,Oaxaca,De 5 000 a 9 999 habitantes,Total,79364,38527,40837,46803,24877,21926,32561,13650,18911
1227,Estados Unidos Mexicanos,Oaxaca,De 5 000 a 9 999 habitantes,De 6 a 9 años,11966,5960,6006,5299,2633,2666,6667,3327,3340
1228,Estados Unidos Mexicanos,Oaxaca,De 5 000 a 9 999 habitantes,De 10 a 14 años,13356,6815,6541,10685,5509,5176,2671,1306,1365
1229,Estados Unidos Mexicanos,Oaxaca,De 5 000 a 9 999 habitantes,De 15 a 19 años,9703,4797,4906,7326,3703,3623,2377,1094,1283
1230,Estados Unidos Mexicanos,Oaxaca,De 5 000 a 9 999 habitantes,De 20 a 24 años,7188,3284,3904,4928,2421,2507,2260,863,1397
1231,Estados Unidos Mexicanos,Oaxaca,De 5 000 a 9 999 habitantes,De 25 a 29 años,6215,2867,3348,3939,2026,1913,2276,841,1435
1232,Estados Unidos Mexicanos,Oaxaca,De 5 000 a 9 999 habitantes,De 30 a 34 años,5153,2425,2728,3039,1599,1440,2114,826,1288
1233,Estados Unidos Mexicanos,Oaxaca,De 5 000 a 9 999 habitantes,De 35 a 39 años,5359,2545,2814,2958,1701,1257,2401,844,1557
1234,Estados Unidos Mexicanos,Oaxaca,De 5 000 a 9 999 habitantes,De 40 años y más,20424,9834,10590,8629,5285,3344,11795,4549,7246
1235,Estados Unidos Mexicanos,Oaxaca,De 10 000 a 19 999 habitantes,Total,73768,36125,37643,53356,27857,25499,20412,8268,12144
1236,Estados Unidos Mexicanos,Oaxaca,De 10 000 a 19 999 habitantes,De 6 a 9 años,11269,5764,5505,5994,3073,2921,5275,2691,2584
1237,Estados Unidos Mexicanos,Oaxaca,De 10 000 a 19 999 habitantes,De 10 a 14 años,12310,6317,5993,10814,5576,5238,1496,741,755
1238,Estados Unidos Mexicanos,Oaxaca,De 10 000 a 19 999 habitantes,De 15 a 19 años,9239,4447,4792,7950,3898,4052,1289,549,740
1239,Estados Unidos Mexicanos,Oaxaca,De 10 000 a 19 999 habitantes,De 20 a 24 años,7109,3288,3821,5749,2795,2954,1360,493,867
1240,Estados Unidos Mexicanos,Oaxaca,De 10 000 a 19 999 habitantes,De 25 a 29 años,6158,2851,3307,4687,2336,2351,1471,515,956
1241,Estados Unidos Mexicanos,Oaxaca,De 10 000 a 19 999 habitantes,De 30 a 34 años,5131,2463,2668,3854,2023,1831,1277,440,837
1242,Estados Unidos Mexicanos,Oaxaca,De 10 000 a 19 999 habitantes,De 35 a 39 años,5328,2513,2815,3784,2002,1782,1544,511,1033
1243,Estados Unidos Mexicanos,Oaxaca,De 10 000 a 19 999 habitantes,De 40 años y más,17224,8482,8742,10524,6154,4370,6700,2328,4372
1244,Estados Unidos Mexicanos,Oaxaca,De 20 000 a 49 999 habitantes,Total,42518,20430,22088,28855,15232,13623,13663,5198,8465
1245,Estados Unidos Mexicanos,Oaxaca,De 20 000 a 49 999 habitantes,De 6 a 9 años,6691,3254,3437,3518,1739,1779,3173,1515,1658
1246,Estados Unidos Mexicanos,Oaxaca,De 20 000 a 49 999 habitantes,De 10 a 14 años,7112,3452,3660,6013,3059,2954,1099,393,706
1247,Estados Unidos Mexicanos,Oaxaca,De 20 000 a 49 999 habitantes,De 15 a 19 años,5374,2552,2822,4327,2157,2170,1047,395,652
1248,Estados Unidos Mexicanos,Oaxaca,De 20 000 a 49 999 habitantes,De 20 a 24 años,4320,1956,2364,3270,1614,1656,1050,342,708
1249,Estados Unidos Mexicanos,Oaxaca,De 20 000 a 49 999 habitantes,De 25 a 29 años,3464,1573,1891,2480,1253,1227,984,320,664
1250,Estados Unidos Mexicanos,Oaxaca,De 20 000 a 49 999 habitantes,De 30 a 34 años,3135,1615,1520,2182,1224,958,953,391,562
1251,Estados Unidos Mexicanos,Oaxaca,De 20 000 a 49 999 habitantes,De 35 a 39 años,2878,1336,1542,1886,1027,859,992,309,683
1252,Estados Unidos Mexicanos,Oaxaca,De 20 000 a 49 999 habitantes,De 40 años y más,9544,4692,4852,5179,3159,2020,4365,1533,2832
1253,Estados Unidos Mexicanos,Oaxaca,De 50 000 habitantes y más,Total,82304,38068,44236,68798,33251,35547,13506,4817,8689
1254,Estados Unidos Mexicanos,Oaxaca,De 50 000 habitantes y más,De 6 a 9 años,10769,5174,5595,6721,3244,3477,4048,1930,2118
1255,Estados Unidos Mexicanos,Oaxaca,De 50 000 habitantes y más,De 10 a 14 años,13225,6323,6902,12293,5860,6433,932,463,469
1256,Estados Unidos Mexicanos,Oaxaca,De 50 000 habitantes y más,De 15 a 19 años,12065,5680,6385,11288,5347,5941,777,333,444
1257,Estados Unidos Mexicanos,Oaxaca,De 50 000 habitantes y más,De 20 a 24 años,8956,3982,4974,8244,3732,4512,712,250,462
1258,Estados Unidos Mexicanos,Oaxaca,De 50 000 habitantes y más,De 25 a 29 años,6801,3091,3710,6116,2895,3221,685,196,489
1259,Estados Unidos Mexicanos,Oaxaca,De 50 000 habitantes y más,De 30 a 34 años,5326,2425,2901,4688,2281,2407,638,144,494
1260,Estados Unidos Mexicanos,Oaxaca,De 50 000 habitantes y más,De 35 a 39 años,5660,2524,3136,4754,2299,2455,906,225,681
1261,Estados Unidos Mexicanos,Oaxaca,De 50 000 habitantes y más,De 40 años y más,19502,8869,10633,14694,7593,7101,4808,1276,3532
1262,Estados Unidos Mexicanos,Puebla,Total,Total,2008026,992246,1015780,1257075,674004,583071,750951,318242,432709
1263,Estados Unidos Mexicanos,Puebla,Total,De 6 a 9 años,312977,159834,153143,125132,63842,61290,187845,95992,91853
1264,Estados Unidos Mexicanos,Puebla,Total,De 10 a 14 años,331992,170614,161378,265310,138345,126965,66682,32269,34413
1265,Estados Unidos Mexicanos,Puebla,Total,De 15 a 19 años,252271,125207,127064,198998,102179,96819,53273,23028,30245
1266,Estados Unidos Mexicanos,Puebla,Total,De 20 a 24 años,196422,93645,102777,146249,74398,71851,50173,19247,30926
1267,Estados Unidos Mexicanos,Puebla,Total,De 25 a 29 años,164501,78714,85787,111240,58807,52433,53261,19907,33354
1268,Estados Unidos Mexicanos,Puebla,Total,De 30 a 34 años,133069,64857,68212,86674,47286,39388,46395,17571,28824
1269,Estados Unidos Mexicanos,Puebla,Total,De 35 a 39 años,136624,65737,70887,82080,45643,36437,54544,20094,34450
1270,Estados Unidos Mexicanos,Puebla,Total,De 40 años y más,480170,233638,246532,241392,143504,97888,238778,90134,148644
1271,Estados Unidos Mexicanos,Puebla,Hasta 2 499 habitantes,Total,1062616,534216,528400,567917,321046,246871,494699,213170,281529
1272,Estados Unidos Mexicanos,Puebla,Hasta 2 499 habitantes,De 6 a 9 años,172072,87310,84762,60586,30865,29721,111486,56445,55041
1273,Estados Unidos Mexicanos,Puebla,Hasta 2 499 habitantes,De 10 a 14 años,178352,92934,85418,132221,70410,61811,46131,22524,23607
1274,Estados Unidos Mexicanos,Puebla,Hasta 2 499 habitantes,De 15 a 19 años,129084,65793,63291,91271,49149,42122,37813,16644,21169
1275,Estados Unidos Mexicanos,Puebla,Hasta 2 499 habitantes,De 20 a 24 años,99995,48771,51224,64492,34915,29577,35503,13856,21647
1276,Estados Unidos Mexicanos,Puebla,Hasta 2 499 habitantes,De 25 a 29 años,87396,42478,44918,49318,27808,21510,38078,14670,23408
1277,Estados Unidos Mexicanos,Puebla,Hasta 2 499 habitantes,De 30 a 34 años,69785,34789,34996,37585,22116,15469,32200,12673,19527
1278,Estados Unidos Mexicanos,Puebla,Hasta 2 499 habitantes,De 35 a 39 años,72385,35580,36805,35342,21350,13992,37043,14230,22813
1279,Estados Unidos Mexicanos,Puebla,Hasta 2 499 habitantes,De 40 años y más,253547,126561,126986,97102,64433,32669,156445,62128,94317
1280,Estados Unidos Mexicanos,Puebla,De 2 500 a 4 999 habitantes,Total,297417,149080,148337,180842,99217,81625,116575,49863,66712
1281,Estados Unidos Mexicanos,Puebla,De 2 500 a 4 999 habitantes,De 6 a 9 años,48092,25423,22669,18181,9642,8539,29911,15781,14130
1282,Estados Unidos Mexicanos,Puebla,De 2 500 a 4 999 habitantes,De 10 a 14 años,50246,26182,24064,39612,20955,18657,10634,5227,5407
1283,Estados Unidos Mexicanos,Puebla,De 2 500 a 4 999 habitantes,De 15 a 19 años,36262,18367,17895,28162,14810,13352,8100,3557,4543
1284,Estados Unidos Mexicanos,Puebla,De 2 500 a 4 999 habitantes,De 20 a 24 años,27337,13137,14200,19938,10210,9728,7399,2927,4472
1285,Estados Unidos Mexicanos,Puebla,De 2 500 a 4 999 habitantes,De 25 a 29 años,23188,10996,12192,15491,8181,7310,7697,2815,4882
1286,Estados Unidos Mexicanos,Puebla,De 2 500 a 4 999 habitantes,De 30 a 34 años,19505,9452,10053,12463,6854,5609,7042,2598,4444
1287,Estados Unidos Mexicanos,Puebla,De 2 500 a 4 999 habitantes,De 35 a 39 años,20185,9789,10396,11908,6786,5122,8277,3003,5274
1288,Estados Unidos Mexicanos,Puebla,De 2 500 a 4 999 habitantes,De 40 años y más,72602,35734,36868,35087,21779,13308,37515,13955,23560
1289,Estados Unidos Mexicanos,Puebla,De 5 000 a 9 999 habitantes,Total,143545,70200,73345,93652,49253,44399,49893,20947,28946
1290,Estados Unidos Mexicanos,Puebla,De 5 000 a 9 999 habitantes,De 6 a 9 años,22919,11640,11279,9345,4702,4643,13574,6938,6636
1291,Estados Unidos Mexicanos,Puebla,De 5 000 a 9 999 habitantes,De 10 a 14 años,24061,12218,11843,19713,10141,9572,4348,2077,2271
1292,Estados Unidos Mexicanos,Puebla,De 5 000 a 9 999 habitantes,De 15 a 19 años,17722,8689,9033,14546,7338,7208,3176,1351,1825
1293,Estados Unidos Mexicanos,Puebla,De 5 000 a 9 999 habitantes,De 20 a 24 años,13627,6317,7310,10580,5198,5382,3047,1119,1928
1294,Estados Unidos Mexicanos,Puebla,De 5 000 a 9 999 habitantes,De 25 a 29 años,11269,5352,5917,8225,4256,3969,3044,1096,1948
1295,Estados Unidos Mexicanos,Puebla,De 5 000 a 9 999 habitantes,De 30 a 34 años,9374,4481,4893,6454,3430,3024,2920,1051,1869
1296,Estados Unidos Mexicanos,Puebla,De 5 000 a 9 999 habitantes,De 35 a 39 años,9838,4638,5200,6257,3360,2897,3581,1278,2303
1297,Estados Unidos Mexicanos,Puebla,De 5 000 a 9 999 habitantes,De 40 años y más,34735,16865,17870,18532,10828,7704,16203,6037,10166
1298,Estados Unidos Mexicanos,Puebla,De 10 000 a 19 999 habitantes,Total,46118,21992,24126,36450,18144,18306,9668,3848,5820
1299,Estados Unidos Mexicanos,Puebla,De 10 000 a 19 999 habitantes,De 6 a 9 años,6778,3423,3355,3785,1891,1894,2993,1532,1461
1300,Estados Unidos Mexicanos,Puebla,De 10 000 a 19 999 habitantes,De 10 a 14 años,7594,3809,3785,7003,3540,3463,591,269,322
1301,Estados Unidos Mexicanos,Puebla,De 10 000 a 19 999 habitantes,De 15 a 19 años,6192,2948,3244,5674,2746,2928,518,202,316
1302,Estados Unidos Mexicanos,Puebla,De 10 000 a 19 999 habitantes,De 20 a 24 años,4780,2169,2611,4225,1961,2264,555,208,347
1303,Estados Unidos Mexicanos,Puebla,De 10 000 a 19 999 habitantes,De 25 a 29 años,3998,1800,2198,3363,1600,1763,635,200,435
1304,Estados Unidos Mexicanos,Puebla,De 10 000 a 19 999 habitantes,De 30 a 34 años,3242,1492,1750,2677,1310,1367,565,182,383
1305,Estados Unidos Mexicanos,Puebla,De 10 000 a 19 999 habitantes,De 35 a 39 años,3261,1559,1702,2569,1320,1249,692,239,453
1306,Estados Unidos Mexicanos,Puebla,De 10 000 a 19 999 habitantes,De 40 años y más,10273,4792,5481,7154,3776,3378,3119,1016,2103
1307,Estados Unidos Mexicanos,Puebla,De 20 000 a 49 999 habitantes,Total,127705,60858,66847,99584,49860,49724,28121,10998,17123
1308,Estados Unidos Mexicanos,Puebla,De 20 000 a 49 999 habitantes,De 6 a 9 años,19365,9963,9402,10028,5132,4896,9337,4831,4506
1309,Estados Unidos Mexicanos,Puebla,De 20 000 a 49 999 habitantes,De 10 a 14 años,21459,10719,10740,19478,9785,9693,1981,934,1047
1310,Estados Unidos Mexicanos,Puebla,De 20 000 a 49 999 habitantes,De 15 a 19 años,16793,7988,8805,15417,7479,7938,1376,509,867
1311,Estados Unidos Mexicanos,Puebla,De 20 000 a 49 999 habitantes,De 20 a 24 años,12506,5651,6855,11145,5170,5975,1361,481,880
1312,Estados Unidos Mexicanos,Puebla,De 20 000 a 49 999 habitantes,De 25 a 29 años,9985,4554,5431,8528,4103,4425,1457,451,1006
1313,Estados Unidos Mexicanos,Puebla,De 20 000 a 49 999 habitantes,De 30 a 34 años,8462,3903,4559,7088,3473,3615,1374,430,944
1314,Estados Unidos Mexicanos,Puebla,De 20 000 a 49 999 habitantes,De 35 a 39 años,8774,4004,4770,6823,3457,3366,1951,547,1404
1315,Estados Unidos Mexicanos,Puebla,De 20 000 a 49 999 habitantes,De 40 años y más,30361,14076,16285,21077,11261,9816,9284,2815,6469
1316,Estados Unidos Mexicanos,Puebla,De 50 000 habitantes y más,Total,330625,155900,174725,278630,136484,142146,51995,19416,32579
1317,Estados Unidos Mexicanos,Puebla,De 50 000 habitantes y más,De 6 a 9 años,43751,22075,21676,23207,11610,11597,20544,10465,10079
1318,Estados Unidos Mexicanos,Puebla,De 50 000 habitantes y más,De 10 a 14 años,50280,24752,25528,47283,23514,23769,2997,1238,1759
1319,Estados Unidos Mexicanos,Puebla,De 50 000 habitantes y más,De 15 a 19 años,46218,21422,24796,43928,20657,23271,2290,765,1525
1320,Estados Unidos Mexicanos,Puebla,De 50 000 habitantes y más,De 20 a 24 años,38177,17600,20577,35869,16944,18925,2308,656,1652
1321,Estados Unidos Mexicanos,Puebla,De 50 000 habitantes y más,De 25 a 29 años,28665,13534,15131,26315,12859,13456,2350,675,1675
1322,Estados Unidos Mexicanos,Puebla,De 50 000 habitantes y más,De 30 a 34 años,22701,10740,11961,20407,10103,10304,2294,637,1657
1323,Estados Unidos Mexicanos,Puebla,De 50 000 habitantes y más,De 35 a 39 años,22181,10167,12014,19181,9370,9811,3000,797,2203
1324,Estados Unidos Mexicanos,Puebla,De 50 000 habitantes y más,De 40 años y más,78652,35610,43042,62440,31427,31013,16212,4183,12029
1325,Estados Unidos Mexicanos,Querétaro,Total,Total,378935,189338,189597,221003,119973,101030,157932,69365,88567
1326,Estados Unidos Mexicanos,Querétaro,Total,De 6 a 9 años,62463,31846,30617,24618,12432,12186,37845,19414,18431
1327,Estados Unidos Mexicanos,Querétaro,Total,De 10 a 14 años,65256,33493,31763,50198,26146,24052,15058,7347,7711
1328,Estados Unidos Mexicanos,Querétaro,Total,De 15 a 19 años,49689,24880,24809,37411,19332,18079,12278,5548,6730
1329,Estados Unidos Mexicanos,Querétaro,Total,De 20 a 24 años,37112,18037,19075,25707,13544,12163,11405,4493,6912
1330,Estados Unidos Mexicanos,Querétaro,Total,De 25 a 29 años,31092,15119,15973,19429,10671,8758,11663,4448,7215
1331,Estados Unidos Mexicanos,Querétaro,Total,De 30 a 34 años,23968,12072,11896,14307,8273,6034,9661,3799,5862
1332,Estados Unidos Mexicanos,Querétaro,Total,De 35 a 39 años,24144,11884,12260,12982,7641,5341,11162,4243,6919
1333,Estados Unidos Mexicanos,Querétaro,Total,De 40 años y más,85211,42007,43204,36351,21934,14417,48860,20073,28787
1334,Estados Unidos Mexicanos,Querétaro,Hasta 2 499 habitantes,Total,242073,123599,118474,115825,66473,49352,126248,57126,69122
1335,Estados Unidos Mexicanos,Querétaro,Hasta 2 499 habitantes,De 6 a 9 años,41389,21270,20119,13049,6621,6428,28340,14649,13691
1336,Estados Unidos Mexicanos,Querétaro,Hasta 2 499 habitantes,De 10 a 14 años,42802,22227,20575,29835,15765,14070,12967,6462,6505
1337,Estados Unidos Mexicanos,Querétaro,Hasta 2 499 habitantes,De 15 a 19 años,30952,16052,14900,20443,11081,9362,10509,4971,5538
1338,Estados Unidos Mexicanos,Querétaro,Hasta 2 499 habitantes,De 20 a 24 años,22192,11163,11029,12676,7269,5407,9516,3894,5622
1339,Estados Unidos Mexicanos,Querétaro,Hasta 2 499 habitantes,De 25 a 29 años,19293,9538,9755,9555,5662,3893,9738,3876,5862
1340,Estados Unidos Mexicanos,Querétaro,Hasta 2 499 habitantes,De 30 a 34 años,15020,7713,7307,7039,4432,2607,7981,3281,4700
1341,Estados Unidos Mexicanos,Querétaro,Hasta 2 499 habitantes,De 35 a 39 años,15373,7682,7691,6386,4100,2286,8987,3582,5405
1342,Estados Unidos Mexicanos,Querétaro,Hasta 2 499 habitantes,De 40 años y más,55052,27954,27098,16842,11543,5299,38210,16411,21799
1343,Estados Unidos Mexicanos,Querétaro,De 2 500 a 4 999 habitantes,Total,20303,9874,10429,14109,7287,6822,6194,2587,3607
1344,Estados Unidos Mexicanos,Querétaro,De 2 500 a 4 999 habitantes,De 6 a 9 años,3367,1673,1694,1725,856,869,1642,817,825
1345,Estados Unidos Mexicanos,Querétaro,De 2 500 a 4 999 habitantes,De 10 a 14 años,3476,1734,1742,3004,1529,1475,472,205,267
1346,Estados Unidos Mexicanos,Querétaro,De 2 500 a 4 999 habitantes,De 15 a 19 años,2694,1311,1383,2331,1160,1171,363,151,212
1347,Estados Unidos Mexicanos,Querétaro,De 2 500 a 4 999 habitantes,De 20 a 24 años,1930,919,1011,1554,773,781,376,146,230
1348,Estados Unidos Mexicanos,Querétaro,De 2 500 a 4 999 habitantes,De 25 a 29 años,1535,718,817,1179,592,587,356,126,230
1349,Estados Unidos Mexicanos,Querétaro,De 2 500 a 4 999 habitantes,De 30 a 34 años,1237,590,647,882,474,408,355,116,239
1350,Estados Unidos Mexicanos,Querétaro,De 2 500 a 4 999 habitantes,De 35 a 39 años,1278,620,658,829,451,378,449,169,280
1351,Estados Unidos Mexicanos,Querétaro,De 2 500 a 4 999 habitantes,De 40 años y más,4786,2309,2477,2605,1452,1153,2181,857,1324
1352,Estados Unidos Mexicanos,Querétaro,De 5 000 a 9 999 habitantes,Total,14603,7528,7075,10032,5631,4401,4571,1897,2674
1353,Estados Unidos Mexicanos,Querétaro,De 5 000 a 9 999 habitantes,De 6 a 9 años,2413,1281,1132,1186,644,542,1227,637,590
1354,Estados Unidos Mexicanos,Querétaro,De 5 000 a 9 999 habitantes,De 10 a 14 años,2501,1366,1135,2144,1191,953,357,175,182
1355,Estados Unidos Mexicanos,Querétaro,De 5 000 a 9 999 habitantes,De 15 a 19 años,1934,1014,920,1661,909,752,273,105,168
1356,Estados Unidos Mexicanos,Querétaro,De 5 000 a 9 999 habitantes,De 20 a 24 años,1530,772,758,1243,667,576,287,105,182
1357,Estados Unidos Mexicanos,Querétaro,De 5 000 a 9 999 habitantes,De 25 a 29 años,1173,593,580,882,508,374,291,85,206
1358,Estados Unidos Mexicanos,Querétaro,De 5 000 a 9 999 habitantes,De 30 a 34 años,882,422,460,619,343,276,263,79,184
1359,Estados Unidos Mexicanos,Querétaro,De 5 000 a 9 999 habitantes,De 35 a 39 años,932,449,483,594,340,254,338,109,229
1360,Estados Unidos Mexicanos,Querétaro,De 5 000 a 9 999 habitantes,De 40 años y más,3238,1631,1607,1703,1029,674,1535,602,933
1361,Estados Unidos Mexicanos,Querétaro,De 10 000 a 19 999 habitantes,Total,12208,5755,6453,9648,4860,4788,2560,895,1665
1362,Estados Unidos Mexicanos,Querétaro,De 10 000 a 19 999 habitantes,De 6 a 9 años,1887,946,941,1210,615,595,677,331,346
1363,Estados Unidos Mexicanos,Querétaro,De 10 000 a 19 999 habitantes,De 10 a 14 años,2032,996,1036,1902,940,962,130,56,74
1364,Estados Unidos Mexicanos,Querétaro,De 10 000 a 19 999 habitantes,De 15 a 19 años,1604,722,882,1445,679,766,159,43,116
1365,Estados Unidos Mexicanos,Querétaro,De 10 000 a 19 999 habitantes,De 20 a 24 años,1316,542,774,1131,486,645,185,56,129
1366,Estados Unidos Mexicanos,Querétaro,De 10 000 a 19 999 habitantes,De 25 a 29 años,1087,494,593,921,457,464,166,37,129
1367,Estados Unidos Mexicanos,Querétaro,De 10 000 a 19 999 habitantes,De 30 a 34 años,853,414,439,716,378,338,137,36,101
1368,Estados Unidos Mexicanos,Querétaro,De 10 000 a 19 999 habitantes,De 35 a 39 años,777,401,376,601,348,253,176,53,123
1369,Estados Unidos Mexicanos,Querétaro,De 10 000 a 19 999 habitantes,De 40 años y más,2652,1240,1412,1722,957,765,930,283,647
1370,Estados Unidos Mexicanos,Querétaro,De 50 000 habitantes y más,Total,89748,42582,47166,71389,35722,35667,18359,6860,11499
1371,Estados Unidos Mexicanos,Querétaro,De 50 000 habitantes y más,De 6 a 9 años,13407,6676,6731,7448,3696,3752,5959,2980,2979
1372,Estados Unidos Mexicanos,Querétaro,De 50 000 habitantes y más,De 10 a 14 años,14445,7170,7275,13313,6721,6592,1132,449,683
1373,Estados Unidos Mexicanos,Querétaro,De 50 000 habitantes y más,De 15 a 19 años,12505,5781,6724,11531,5503,6028,974,278,696
1374,Estados Unidos Mexicanos,Querétaro,De 50 000 habitantes y más,De 20 a 24 años,10144,4641,5503,9103,4349,4754,1041,292,749
1375,Estados Unidos Mexicanos,Querétaro,De 50 000 habitantes y más,De 25 a 29 años,8004,3776,4228,6892,3452,3440,1112,324,788
1376,Estados Unidos Mexicanos,Querétaro,De 50 000 habitantes y más,De 30 a 34 años,5976,2933,3043,5051,2646,2405,925,287,638
1377,Estados Unidos Mexicanos,Querétaro,De 50 000 habitantes y más,De 35 a 39 años,5784,2732,3052,4572,2402,2170,1212,330,882
1378,Estados Unidos Mexicanos,Querétaro,De 50 000 habitantes y más,De 40 años y más,19483,8873,10610,13479,6953,6526,6004,1920,4084
1379,Estados Unidos Mexicanos,"Quintana Roo, Territorio",Total,Total,68383,35877,32506,48673,26773,21900,19710,9104,10606
1380,Estados Unidos Mexicanos,"Quintana Roo, Territorio",Total,De 6 a 9 años,11564,5826,5738,5384,2694,2690,6180,3132,3048
1381,Estados Unidos Mexicanos,"Quintana Roo, Territorio",Total,De 10 a 14 años,10922,5497,5425,9378,4744,4634,1544,753,791
1382,Estados Unidos Mexicanos,"Quintana Roo, Territorio",Total,De 15 a 19 años,9434,4758,4676,7855,4122,3733,1579,636,943
1383,Estados Unidos Mexicanos,"Quintana Roo, Territorio",Total,De 20 a 24 años,7837,3988,3849,6266,3385,2881,1571,603,968
1384,Estados Unidos Mexicanos,"Quintana Roo, Territorio",Total,De 25 a 29 años,6212,3219,2993,4784,2654,2130,1428,565,863
1385,Estados Unidos Mexicanos,"Quintana Roo, Territorio",Total,De 30 a 34 años,4897,2690,2207,3663,2160,1503,1234,530,704
1386,Estados Unidos Mexicanos,"Quintana Roo, Territorio",Total,De 35 a 39 años,4327,2236,2091,3075,1713,1362,1252,523,729
1387,Estados Unidos Mexicanos,"Quintana Roo, Territorio",Total,De 40 años y más,13190,7663,5527,8268,5301,2967,4922,2362,2560
1388,Estados Unidos Mexicanos,"Quintana Roo, Territorio",Hasta 2 499 habitantes,Total,42697,22866,19831,26751,15411,11340,15946,7455,8491
1389,Estados Unidos Mexicanos,"Quintana Roo, Territorio",Hasta 2 499 habitantes,De 6 a 9 años,7533,3760,3773,2881,1423,1458,4652,2337,2315
1390,Estados Unidos Mexicanos,"Quintana Roo, Territorio",Hasta 2 499 habitantes,De 10 a 14 años,6901,3502,3399,5579,2860,2719,1322,642,680
1391,Estados Unidos Mexicanos,"Quintana Roo, Territorio",Hasta 2 499 habitantes,De 15 a 19 años,5910,3054,2856,4579,2515,2064,1331,539,792
1392,Estados Unidos Mexicanos,"Quintana Roo, Territorio",Hasta 2 499 habitantes,De 20 a 24 años,4801,2506,2295,3462,1989,1473,1339,517,822
1393,Estados Unidos Mexicanos,"Quintana Roo, Territorio",Hasta 2 499 habitantes,De 25 a 29 años,3787,1977,1810,2588,1507,1081,1199,470,729
1394,Estados Unidos Mexicanos,"Quintana Roo, Territorio",Hasta 2 499 habitantes,De 30 a 34 años,2998,1708,1290,1959,1243,716,1039,465,574
1395,Estados Unidos Mexicanos,"Quintana Roo, Territorio",Hasta 2 499 habitantes,De 35 a 39 años,2701,1394,1307,1641,950,691,1060,444,616
1396,Estados Unidos Mexicanos,"Quintana Roo, Territorio",Hasta 2 499 habitantes,De 40 años y más,8066,4965,3101,4062,2924,1138,4004,2041,1963
1397,Estados Unidos Mexicanos,"Quintana Roo, Territorio",De 2 500 a 4 999 habitantes,Total,2103,1114,989,1827,1000,827,276,114,162
1398,Estados Unidos Mexicanos,"Quintana Roo, Territorio",De 2 500 a 4 999 habitantes,De 6 a 9 años,313,161,152,180,99,81,133,62,71
1399,Estados Unidos Mexicanos,"Quintana Roo, Territorio",De 2 500 a 4 999 habitantes,De 10 a 14 años,274,126,148,264,120,144,10,6,4
1400,Estados Unidos Mexicanos,"Quintana Roo, Territorio",De 2 500 a 4 999 habitantes,De 15 a 19 años,284,141,143,267,135,132,17,6,11
1401,Estados Unidos Mexicanos,"Quintana Roo, Territorio",De 2 500 a 4 999 habitantes,De 20 a 24 años,266,145,121,252,138,114,14,7,7
1402,Estados Unidos Mexicanos,"Quintana Roo, Territorio",De 2 500 a 4 999 habitantes,De 25 a 29 años,253,131,122,233,125,108,20,6,14
1403,Estados Unidos Mexicanos,"Quintana Roo, Territorio",De 2 500 a 4 999 habitantes,De 30 a 34 años,183,103,80,173,101,72,10,2,8
1404,Estados Unidos Mexicanos,"Quintana Roo, Territorio",De 2 500 a 4 999 habitantes,De 35 a 39 años,147,89,58,136,85,51,11,4,7
1405,Estados Unidos Mexicanos,"Quintana Roo, Territorio",De 2 500 a 4 999 habitantes,De 40 años y más,383,218,165,322,197,125,61,21,40
1406,Estados Unidos Mexicanos,"Quintana Roo, Territorio",De 5 000 a 9 999 habitantes,Total,4777,2462,2315,4111,2159,1952,666,303,363
1407,Estados Unidos Mexicanos,"Quintana Roo, Territorio",De 5 000 a 9 999 habitantes,De 6 a 9 años,646,331,315,427,210,217,219,121,98
1408,Estados Unidos Mexicanos,"Quintana Roo, Territorio",De 5 000 a 9 999 habitantes,De 10 a 14 años,706,337,369,677,325,352,29,12,17
1409,Estados Unidos Mexicanos,"Quintana Roo, Territorio",De 5 000 a 9 999 habitantes,De 15 a 19 años,629,302,327,579,281,298,50,21,29
1410,Estados Unidos Mexicanos,"Quintana Roo, Territorio",De 5 000 a 9 999 habitantes,De 20 a 24 años,598,317,281,543,295,248,55,22,33
1411,Estados Unidos Mexicanos,"Quintana Roo, Territorio",De 5 000 a 9 999 habitantes,De 25 a 29 años,468,247,221,417,221,196,51,26,25
1412,Estados Unidos Mexicanos,"Quintana Roo, Territorio",De 5 000 a 9 999 habitantes,De 30 a 34 años,396,207,189,353,194,159,43,13,30
1413,Estados Unidos Mexicanos,"Quintana Roo, Territorio",De 5 000 a 9 999 habitantes,De 35 a 39 años,350,186,164,305,171,134,45,15,30
1414,Estados Unidos Mexicanos,"Quintana Roo, Territorio",De 5 000 a 9 999 habitantes,De 40 años y más,984,535,449,810,462,348,174,73,101
1415,Estados Unidos Mexicanos,"Quintana Roo, Territorio",De 20 000 a 49 999 habitantes,Total,18806,9435,9371,15984,8203,7781,2822,1232,1590
1416,Estados Unidos Mexicanos,"Quintana Roo, Territorio",De 20 000 a 49 999 habitantes,De 6 a 9 años,3072,1574,1498,1896,962,934,1176,612,564
1417,Estados Unidos Mexicanos,"Quintana Roo, Territorio",De 20 000 a 49 999 habitantes,De 10 a 14 años,3041,1532,1509,2858,1439,1419,183,93,90
1418,Estados Unidos Mexicanos,"Quintana Roo, Territorio",De 20 000 a 49 999 habitantes,De 15 a 19 años,2611,1261,1350,2430,1191,1239,181,70,111
1419,Estados Unidos Mexicanos,"Quintana Roo, Territorio",De 20 000 a 49 999 habitantes,De 20 a 24 años,2172,1020,1152,2009,963,1046,163,57,106
1420,Estados Unidos Mexicanos,"Quintana Roo, Territorio",De 20 000 a 49 999 habitantes,De 25 a 29 años,1704,864,840,1546,801,745,158,63,95
1421,Estados Unidos Mexicanos,"Quintana Roo, Territorio",De 20 000 a 49 999 habitantes,De 30 a 34 años,1320,672,648,1178,622,556,142,50,92
1422,Estados Unidos Mexicanos,"Quintana Roo, Territorio",De 20 000 a 49 999 habitantes,De 35 a 39 años,1129,567,562,993,507,486,136,60,76
1423,Estados Unidos Mexicanos,"Quintana Roo, Territorio",De 20 000 a 49 999 habitantes,De 40 años y más,3757,1945,1812,3074,1718,1356,683,227,456
1424,Estados Unidos Mexicanos,San Luis Potosí,Total,Total,1012465,509874,502591,674680,353396,321284,337785,156478,181307
1425,Estados Unidos Mexicanos,San Luis Potosí,Total,De 6 a 9 años,162720,82604,80116,71748,35583,36165,90972,47021,43951
1426,Estados Unidos Mexicanos,San Luis Potosí,Total,De 10 a 14 años,174170,90068,84102,144177,74194,69983,29993,15874,14119
1427,Estados Unidos Mexicanos,San Luis Potosí,Total,De 15 a 19 años,129241,65452,63789,105702,54057,51645,23539,11395,12144
1428,Estados Unidos Mexicanos,San Luis Potosí,Total,De 20 a 24 años,98338,47600,50738,76705,38295,38410,21633,9305,12328
1429,Estados Unidos Mexicanos,San Luis Potosí,Total,De 25 a 29 años,80718,38871,41847,58579,29806,28773,22139,9065,13074
1430,Estados Unidos Mexicanos,San Luis Potosí,Total,De 30 a 34 años,67044,33484,33560,46692,24724,21968,20352,8760,11592
1431,Estados Unidos Mexicanos,San Luis Potosí,Total,De 35 a 39 años,66637,32884,33753,43535,23404,20131,23102,9480,13622
1432,Estados Unidos Mexicanos,San Luis Potosí,Total,De 40 años y más,233597,118911,114686,127542,73333,54209,106055,45578,60477
1433,Estados Unidos Mexicanos,San Luis Potosí,Hasta 2 499 habitantes,Total,610807,316206,294601,358291,196746,161545,252516,119460,133056
1434,Estados Unidos Mexicanos,San Luis Potosí,Hasta 2 499 habitantes,De 6 a 9 años,101687,51715,49972,38342,18987,19355,63345,32728,30617
1435,Estados Unidos Mexicanos,San Luis Potosí,Hasta 2 499 habitantes,De 10 a 14 años,106371,55865,50506,82480,43100,39380,23891,12765,11126
1436,Estados Unidos Mexicanos,San Luis Potosí,Hasta 2 499 habitantes,De 15 a 19 años,75901,39597,36304,57182,30423,26759,18719,9174,9545
1437,Estados Unidos Mexicanos,San Luis Potosí,Hasta 2 499 habitantes,De 20 a 24 años,57687,29022,28665,40649,21544,19105,17038,7478,9560
1438,Estados Unidos Mexicanos,San Luis Potosí,Hasta 2 499 habitantes,De 25 a 29 años,49121,24237,24884,31493,16901,14592,17628,7336,10292
1439,Estados Unidos Mexicanos,San Luis Potosí,Hasta 2 499 habitantes,De 30 a 34 años,40730,20994,19736,24917,13931,10986,15813,7063,8750
1440,Estados Unidos Mexicanos,San Luis Potosí,Hasta 2 499 habitantes,De 35 a 39 años,40684,20770,19914,23001,13299,9702,17683,7471,10212
1441,Estados Unidos Mexicanos,San Luis Potosí,Hasta 2 499 habitantes,De 40 años y más,138626,74006,64620,60227,38561,21666,78399,35445,42954
1442,Estados Unidos Mexicanos,San Luis Potosí,De 2 500 a 4 999 habitantes,Total,61127,30757,30370,42714,22081,20633,18413,8676,9737
1443,Estados Unidos Mexicanos,San Luis Potosí,De 2 500 a 4 999 habitantes,De 6 a 9 años,9888,5137,4751,4911,2456,2455,4977,2681,2296
1444,Estados Unidos Mexicanos,San Luis Potosí,De 2 500 a 4 999 habitantes,De 10 a 14 años,10846,5732,5114,9344,4886,4458,1502,846,656
1445,Estados Unidos Mexicanos,San Luis Potosí,De 2 500 a 4 999 habitantes,De 15 a 19 años,7434,3857,3577,6312,3290,3022,1122,567,555
1446,Estados Unidos Mexicanos,San Luis Potosí,De 2 500 a 4 999 habitantes,De 20 a 24 años,5282,2451,2831,4293,1990,2303,989,461,528
1447,Estados Unidos Mexicanos,San Luis Potosí,De 2 500 a 4 999 habitantes,De 25 a 29 años,4471,2138,2333,3443,1691,1752,1028,447,581
1448,Estados Unidos Mexicanos,San Luis Potosí,De 2 500 a 4 999 habitantes,De 30 a 34 años,3970,1963,2007,2840,1479,1361,1130,484,646
1449,Estados Unidos Mexicanos,San Luis Potosí,De 2 500 a 4 999 habitantes,De 35 a 39 años,3987,1908,2079,2677,1369,1308,1310,539,771
1450,Estados Unidos Mexicanos,San Luis Potosí,De 2 500 a 4 999 habitantes,De 40 años y más,15249,7571,7678,8894,4920,3974,6355,2651,3704
1451,Estados Unidos Mexicanos,San Luis Potosí,De 5 000 a 9 999 habitantes,Total,29298,14436,14862,22387,11370,11017,6911,3066,3845
1452,Estados Unidos Mexicanos,San Luis Potosí,De 5 000 a 9 999 habitantes,De 6 a 9 años,4783,2458,2325,2677,1374,1303,2106,1084,1022
1453,Estados Unidos Mexicanos,San Luis Potosí,De 5 000 a 9 999 habitantes,De 10 a 14 años,5202,2638,2564,4727,2414,2313,475,224,251
1454,Estados Unidos Mexicanos,San Luis Potosí,De 5 000 a 9 999 habitantes,De 15 a 19 años,3757,1861,1896,3379,1684,1695,378,177,201
1455,Estados Unidos Mexicanos,San Luis Potosí,De 5 000 a 9 999 habitantes,De 20 a 24 años,2789,1313,1476,2412,1160,1252,377,153,224
1456,Estados Unidos Mexicanos,San Luis Potosí,De 5 000 a 9 999 habitantes,De 25 a 29 años,2168,1028,1140,1842,893,949,326,135,191
1457,Estados Unidos Mexicanos,San Luis Potosí,De 5 000 a 9 999 habitantes,De 30 a 34 años,1899,877,1022,1558,750,808,341,127,214
1458,Estados Unidos Mexicanos,San Luis Potosí,De 5 000 a 9 999 habitantes,De 35 a 39 años,1906,906,1000,1449,732,717,457,174,283
1459,Estados Unidos Mexicanos,San Luis Potosí,De 5 000 a 9 999 habitantes,De 40 años y más,6794,3355,3439,4343,2363,1980,2451,992,1459
1460,Estados Unidos Mexicanos,San Luis Potosí,De 10 000 a 19 999 habitantes,Total,63854,30482,33372,48001,23709,24292,15853,6773,9080
1461,Estados Unidos Mexicanos,San Luis Potosí,De 10 000 a 19 999 habitantes,De 6 a 9 años,10135,5059,5076,5375,2594,2781,4760,2465,2295
1462,Estados Unidos Mexicanos,San Luis Potosí,De 10 000 a 19 999 habitantes,De 10 a 14 años,11115,5418,5697,9965,4883,5082,1150,535,615
1463,Estados Unidos Mexicanos,San Luis Potosí,De 10 000 a 19 999 habitantes,De 15 a 19 años,8093,3801,4292,7168,3404,3764,925,397,528
1464,Estados Unidos Mexicanos,San Luis Potosí,De 10 000 a 19 999 habitantes,De 20 a 24 años,5525,2401,3124,4756,2119,2637,769,282,487
1465,Estados Unidos Mexicanos,San Luis Potosí,De 10 000 a 19 999 habitantes,De 25 a 29 años,4673,2104,2569,3821,1796,2025,852,308,544
1466,Estados Unidos Mexicanos,San Luis Potosí,De 10 000 a 19 999 habitantes,De 30 a 34 años,4276,2015,2261,3386,1712,1674,890,303,587
1467,Estados Unidos Mexicanos,San Luis Potosí,De 10 000 a 19 999 habitantes,De 35 a 39 años,4447,2046,2401,3337,1623,1714,1110,423,687
1468,Estados Unidos Mexicanos,San Luis Potosí,De 10 000 a 19 999 habitantes,De 40 años y más,15590,7638,7952,10193,5578,4615,5397,2060,3337
1469,Estados Unidos Mexicanos,San Luis Potosí,De 20 000 a 49 999 habitantes,Total,60550,28895,31655,47666,23580,24086,12884,5315,7569
1470,Estados Unidos Mexicanos,San Luis Potosí,De 20 000 a 49 999 habitantes,De 6 a 9 años,9232,4528,4704,4944,2437,2507,4288,2091,2197
1471,Estados Unidos Mexicanos,San Luis Potosí,De 20 000 a 49 999 habitantes,De 10 a 14 años,10195,5109,5086,9386,4708,4678,809,401,408
1472,Estados Unidos Mexicanos,San Luis Potosí,De 20 000 a 49 999 habitantes,De 15 a 19 años,7845,3586,4259,7219,3344,3875,626,242,384
1473,Estados Unidos Mexicanos,San Luis Potosí,De 20 000 a 49 999 habitantes,De 20 a 24 años,6271,2698,3573,5577,2451,3126,694,247,447
1474,Estados Unidos Mexicanos,San Luis Potosí,De 20 000 a 49 999 habitantes,De 25 a 29 años,5309,2441,2868,4556,2178,2378,753,263,490
1475,Estados Unidos Mexicanos,San Luis Potosí,De 20 000 a 49 999 habitantes,De 30 a 34 años,4379,2107,2272,3655,1832,1823,724,275,449
1476,Estados Unidos Mexicanos,San Luis Potosí,De 20 000 a 49 999 habitantes,De 35 a 39 años,4145,2038,2107,3263,1712,1551,882,326,556
1477,Estados Unidos Mexicanos,San Luis Potosí,De 20 000 a 49 999 habitantes,De 40 años y más,13174,6388,6786,9066,4918,4148,4108,1470,2638
1478,Estados Unidos Mexicanos,San Luis Potosí,De 50 000 habitantes y más,Total,186829,89098,97731,155621,75910,79711,31208,13188,18020
1479,Estados Unidos Mexicanos,San Luis Potosí,De 50 000 habitantes y más,De 6 a 9 años,26995,13707,13288,15499,7735,7764,11496,5972,5524
1480,Estados Unidos Mexicanos,San Luis Potosí,De 50 000 habitantes y más,De 10 a 14 años,30441,15306,15135,28275,14203,14072,2166,1103,1063
1481,Estados Unidos Mexicanos,San Luis Potosí,De 50 000 habitantes y más,De 15 a 19 años,26211,12750,13461,24442,11912,12530,1769,838,931
1482,Estados Unidos Mexicanos,San Luis Potosí,De 50 000 habitantes y más,De 20 a 24 años,20784,9715,11069,19018,9031,9987,1766,684,1082
1483,Estados Unidos Mexicanos,San Luis Potosí,De 50 000 habitantes y más,De 25 a 29 años,14976,6923,8053,13424,6347,7077,1552,576,976
1484,Estados Unidos Mexicanos,San Luis Potosí,De 50 000 habitantes y más,De 30 a 34 años,11790,5528,6262,10336,5020,5316,1454,508,946
1485,Estados Unidos Mexicanos,San Luis Potosí,De 50 000 habitantes y más,De 35 a 39 años,11468,5216,6252,9808,4669,5139,1660,547,1113
1486,Estados Unidos Mexicanos,San Luis Potosí,De 50 000 habitantes y más,De 40 años y más,44164,19953,24211,34819,16993,17826,9345,2960,6385
1487,Estados Unidos Mexicanos,Sinaloa,Total,Total,999275,509487,489788,750825,380149,370676,248450,129338,119112
1488,Estados Unidos Mexicanos,Sinaloa,Total,De 6 a 9 años,163006,83302,79704,92332,45737,46595,70674,37565,33109
1489,Estados Unidos Mexicanos,Sinaloa,Total,De 10 a 14 años,173275,89225,84050,156975,79892,77083,16300,9333,6967
1490,Estados Unidos Mexicanos,Sinaloa,Total,De 15 a 19 años,135931,68302,67629,120334,59819,60515,15597,8483,7114
1491,Estados Unidos Mexicanos,Sinaloa,Total,De 20 a 24 años,104779,51979,52800,88062,43167,44895,16717,8812,7905
1492,Estados Unidos Mexicanos,Sinaloa,Total,De 25 a 29 años,83619,41941,41678,66485,33098,33387,17134,8843,8291
1493,Estados Unidos Mexicanos,Sinaloa,Total,De 30 a 34 años,64698,33333,31365,50182,25810,24372,14516,7523,6993
1494,Estados Unidos Mexicanos,Sinaloa,Total,De 35 a 39 años,61889,31903,29986,45566,23562,22004,16323,8341,7982
1495,Estados Unidos Mexicanos,Sinaloa,Total,De 40 años y más,212078,109502,102576,130889,69064,61825,81189,40438,40751
1496,Estados Unidos Mexicanos,Sinaloa,Hasta 2 499 habitantes,Total,513864,270849,243015,351239,183305,167934,162625,87544,75081
1497,Estados Unidos Mexicanos,Sinaloa,Hasta 2 499 habitantes,De 6 a 9 años,86794,44589,42205,43311,21491,21820,43483,23098,20385
1498,Estados Unidos Mexicanos,Sinaloa,Hasta 2 499 habitantes,De 10 a 14 años,89961,47053,42908,78574,40480,38094,11387,6573,4814
1499,Estados Unidos Mexicanos,Sinaloa,Hasta 2 499 habitantes,De 15 a 19 años,67864,35593,32271,57224,29538,27686,10640,6055,4585
1500,Estados Unidos Mexicanos,Sinaloa,Hasta 2 499 habitantes,De 20 a 24 años,52741,27941,24800,41269,21551,19718,11472,6390,5082
1501,Estados Unidos Mexicanos,Sinaloa,Hasta 2 499 habitantes,De 25 a 29 años,42485,22325,20160,30781,15978,14803,11704,6347,5357
1502,Estados Unidos Mexicanos,Sinaloa,Hasta 2 499 habitantes,De 30 a 34 años,32569,17342,15227,22902,12068,10834,9667,5274,4393
1503,Estados Unidos Mexicanos,Sinaloa,Hasta 2 499 habitantes,De 35 a 39 años,31580,16855,14725,20610,10962,9648,10970,5893,5077
1504,Estados Unidos Mexicanos,Sinaloa,Hasta 2 499 habitantes,De 40 años y más,109870,59151,50719,56568,31237,25331,53302,27914,25388
1505,Estados Unidos Mexicanos,Sinaloa,De 2 500 a 4 999 habitantes,Total,83435,42734,40701,64034,32571,31463,19401,10163,9238
1506,Estados Unidos Mexicanos,Sinaloa,De 2 500 a 4 999 habitantes,De 6 a 9 años,13794,7240,6554,8107,4096,4011,5687,3144,2543
1507,Estados Unidos Mexicanos,Sinaloa,De 2 500 a 4 999 habitantes,De 10 a 14 años,15123,7876,7247,13891,7157,6734,1232,719,513
1508,Estados Unidos Mexicanos,Sinaloa,De 2 500 a 4 999 habitantes,De 15 a 19 años,11385,5689,5696,10254,5082,5172,1131,607,524
1509,Estados Unidos Mexicanos,Sinaloa,De 2 500 a 4 999 habitantes,De 20 a 24 años,8491,4260,4231,7328,3652,3676,1163,608,555
1510,Estados Unidos Mexicanos,Sinaloa,De 2 500 a 4 999 habitantes,De 25 a 29 años,6687,3383,3304,5428,2729,2699,1259,654,605
1511,Estados Unidos Mexicanos,Sinaloa,De 2 500 a 4 999 habitantes,De 30 a 34 años,5142,2590,2552,4060,2064,1996,1082,526,556
1512,Estados Unidos Mexicanos,Sinaloa,De 2 500 a 4 999 habitantes,De 35 a 39 años,5023,2574,2449,3813,1948,1865,1210,626,584
1513,Estados Unidos Mexicanos,Sinaloa,De 2 500 a 4 999 habitantes,De 40 años y más,17790,9122,8668,11153,5843,5310,6637,3279,3358
1514,Estados Unidos Mexicanos,Sinaloa,De 5 000 a 9 999 habitantes,Total,32053,16074,15979,24931,12522,12409,7122,3552,3570
1515,Estados Unidos Mexicanos,Sinaloa,De 5 000 a 9 999 habitantes,De 6 a 9 años,5058,2584,2474,2896,1458,1438,2162,1126,1036
1516,Estados Unidos Mexicanos,Sinaloa,De 5 000 a 9 999 habitantes,De 10 a 14 años,5682,2856,2826,5217,2595,2622,465,261,204
1517,Estados Unidos Mexicanos,Sinaloa,De 5 000 a 9 999 habitantes,De 15 a 19 años,4427,2161,2266,3994,1942,2052,433,219,214
1518,Estados Unidos Mexicanos,Sinaloa,De 5 000 a 9 999 habitantes,De 20 a 24 años,3246,1572,1674,2791,1337,1454,455,235,220
1519,Estados Unidos Mexicanos,Sinaloa,De 5 000 a 9 999 habitantes,De 25 a 29 años,2602,1306,1296,2167,1084,1083,435,222,213
1520,Estados Unidos Mexicanos,Sinaloa,De 5 000 a 9 999 habitantes,De 30 a 34 años,2012,1022,990,1621,818,803,391,204,187
1521,Estados Unidos Mexicanos,Sinaloa,De 5 000 a 9 999 habitantes,De 35 a 39 años,2046,1011,1035,1630,809,821,416,202,214
1522,Estados Unidos Mexicanos,Sinaloa,De 5 000 a 9 999 habitantes,De 40 años y más,6980,3562,3418,4615,2479,2136,2365,1083,1282
1523,Estados Unidos Mexicanos,Sinaloa,De 10 000 a 19 999 habitantes,Total,64265,32028,32237,51009,25487,25522,13256,6541,6715
1524,Estados Unidos Mexicanos,Sinaloa,De 10 000 a 19 999 habitantes,De 6 a 9 años,10607,5308,5299,6613,3210,3403,3994,2098,1896
1525,Estados Unidos Mexicanos,Sinaloa,De 10 000 a 19 999 habitantes,De 10 a 14 años,11239,5785,5454,10461,5320,5141,778,465,313
1526,Estados Unidos Mexicanos,Sinaloa,De 10 000 a 19 999 habitantes,De 15 a 19 años,8730,4246,4484,7887,3845,4042,843,401,442
1527,Estados Unidos Mexicanos,Sinaloa,De 10 000 a 19 999 habitantes,De 20 a 24 años,6491,3075,3416,5665,2695,2970,826,380,446
1528,Estados Unidos Mexicanos,Sinaloa,De 10 000 a 19 999 habitantes,De 25 a 29 años,5152,2463,2689,4318,2088,2230,834,375,459
1529,Estados Unidos Mexicanos,Sinaloa,De 10 000 a 19 999 habitantes,De 30 a 34 años,4112,2046,2066,3385,1692,1693,727,354,373
1530,Estados Unidos Mexicanos,Sinaloa,De 10 000 a 19 999 habitantes,De 35 a 39 años,3972,2012,1960,3137,1644,1493,835,368,467
1531,Estados Unidos Mexicanos,Sinaloa,De 10 000 a 19 999 habitantes,De 40 años y más,13962,7093,6869,9543,4993,4550,4419,2100,2319
1532,Estados Unidos Mexicanos,Sinaloa,De 20 000 a 49 999 habitantes,Total,20824,10065,10759,17756,8678,9078,3068,1387,1681
1533,Estados Unidos Mexicanos,Sinaloa,De 20 000 a 49 999 habitantes,De 6 a 9 años,3342,1675,1667,2366,1173,1193,976,502,474
1534,Estados Unidos Mexicanos,Sinaloa,De 20 000 a 49 999 habitantes,De 10 a 14 años,3766,1843,1923,3622,1775,1847,144,68,76
1535,Estados Unidos Mexicanos,Sinaloa,De 20 000 a 49 999 habitantes,De 15 a 19 años,2989,1440,1549,2823,1366,1457,166,74,92
1536,Estados Unidos Mexicanos,Sinaloa,De 20 000 a 49 999 habitantes,De 20 a 24 años,2222,949,1273,2022,876,1146,200,73,127
1537,Estados Unidos Mexicanos,Sinaloa,De 20 000 a 49 999 habitantes,De 25 a 29 años,1793,855,938,1583,758,825,210,97,113
1538,Estados Unidos Mexicanos,Sinaloa,De 20 000 a 49 999 habitantes,De 30 a 34 años,1435,716,719,1260,632,628,175,84,91
1539,Estados Unidos Mexicanos,Sinaloa,De 20 000 a 49 999 habitantes,De 35 a 39 años,1260,591,669,1084,515,569,176,76,100
1540,Estados Unidos Mexicanos,Sinaloa,De 20 000 a 49 999 habitantes,De 40 años y más,4017,1996,2021,2996,1583,1413,1021,413,608
1541,Estados Unidos Mexicanos,Sinaloa,De 50 000 habitantes y más,Total,284834,137737,147097,241856,117586,124270,42978,20151,22827
1542,Estados Unidos Mexicanos,Sinaloa,De 50 000 habitantes y más,De 6 a 9 años,43411,21906,21505,29039,14309,14730,14372,7597,6775
1543,Estados Unidos Mexicanos,Sinaloa,De 50 000 habitantes y más,De 10 a 14 años,47504,23812,23692,45210,22565,22645,2294,1247,1047
1544,Estados Unidos Mexicanos,Sinaloa,De 50 000 habitantes y más,De 15 a 19 años,40536,19173,21363,38152,18046,20106,2384,1127,1257
1545,Estados Unidos Mexicanos,Sinaloa,De 50 000 habitantes y más,De 20 a 24 años,31588,14182,17406,28987,13056,15931,2601,1126,1475
1546,Estados Unidos Mexicanos,Sinaloa,De 50 000 habitantes y más,De 25 a 29 años,24900,11609,13291,22208,10461,11747,2692,1148,1544
1547,Estados Unidos Mexicanos,Sinaloa,De 50 000 habitantes y más,De 30 a 34 años,19428,9617,9811,16954,8536,8418,2474,1081,1393
1548,Estados Unidos Mexicanos,Sinaloa,De 50 000 habitantes y más,De 35 a 39 años,18008,8860,9148,15292,7684,7608,2716,1176,1540
1549,Estados Unidos Mexicanos,Sinaloa,De 50 000 habitantes y más,De 40 años y más,59459,28578,30881,46014,22929,23085,13445,5649,7796
1550,Estados Unidos Mexicanos,Sonora,Total,Total,880325,441968,438357,711880,357341,354539,168445,84627,83818
1551,Estados Unidos Mexicanos,Sonora,Total,De 6 a 9 años,136432,67644,68788,68835,33196,35639,67597,34448,33149
1552,Estados Unidos Mexicanos,Sonora,Total,De 10 a 14 años,151087,76425,74662,137950,69164,68786,13137,7261,5876
1553,Estados Unidos Mexicanos,Sonora,Total,De 15 a 19 años,118507,58288,60219,109598,53708,55890,8909,4580,4329
1554,Estados Unidos Mexicanos,Sonora,Total,De 20 a 24 años,91559,43652,47907,83030,39609,43421,8529,4043,4486
1555,Estados Unidos Mexicanos,Sonora,Total,De 25 a 29 años,74107,36021,38086,65446,32008,33438,8661,4013,4648
1556,Estados Unidos Mexicanos,Sonora,Total,De 30 a 34 años,60074,30515,29559,52009,26575,25434,8065,3940,4125
1557,Estados Unidos Mexicanos,Sonora,Total,De 35 a 39 años,57323,29636,27687,48228,25179,23049,9095,4457,4638
1558,Estados Unidos Mexicanos,Sonora,Total,De 40 años y más,191236,99787,91449,146784,77902,68882,44452,21885,22567
1559,Estados Unidos Mexicanos,Sonora,Hasta 2 499 habitantes,Total,292545,153220,139325,214890,112670,102220,77655,40550,37105
1560,Estados Unidos Mexicanos,Sonora,Hasta 2 499 habitantes,De 6 a 9 años,46175,23092,23083,19902,9691,10211,26273,13401,12872
1561,Estados Unidos Mexicanos,Sonora,Hasta 2 499 habitantes,De 10 a 14 años,48117,24602,23515,41752,21198,20554,6365,3404,2961
1562,Estados Unidos Mexicanos,Sonora,Hasta 2 499 habitantes,De 15 a 19 años,37674,19226,18448,33417,17031,16386,4257,2195,2062
1563,Estados Unidos Mexicanos,Sonora,Hasta 2 499 habitantes,De 20 a 24 años,30131,15267,14864,25698,13092,12606,4433,2175,2258
1564,Estados Unidos Mexicanos,Sonora,Hasta 2 499 habitantes,De 25 a 29 años,25190,12965,12225,20484,10633,9851,4706,2332,2374
1565,Estados Unidos Mexicanos,Sonora,Hasta 2 499 habitantes,De 30 a 34 años,20315,10994,9321,16000,8711,7289,4315,2283,2032
1566,Estados Unidos Mexicanos,Sonora,Hasta 2 499 habitantes,De 35 a 39 años,19289,10484,8805,14431,7939,6492,4858,2545,2313
1567,Estados Unidos Mexicanos,Sonora,Hasta 2 499 habitantes,De 40 años y más,65654,36590,29064,43206,24375,18831,22448,12215,10233
1568,Estados Unidos Mexicanos,Sonora,De 2 500 a 4 999 habitantes,Total,54746,27472,27274,43994,22018,21976,10752,5454,5298
1569,Estados Unidos Mexicanos,Sonora,De 2 500 a 4 999 habitantes,De 6 a 9 años,8513,4174,4339,4414,2060,2354,4099,2114,1985
1570,Estados Unidos Mexicanos,Sonora,De 2 500 a 4 999 habitantes,De 10 a 14 años,9852,4941,4911,9092,4502,4590,760,439,321
1571,Estados Unidos Mexicanos,Sonora,De 2 500 a 4 999 habitantes,De 15 a 19 años,7297,3678,3619,6744,3366,3378,553,312,241
1572,Estados Unidos Mexicanos,Sonora,De 2 500 a 4 999 habitantes,De 20 a 24 años,5276,2537,2739,4711,2259,2452,565,278,287
1573,Estados Unidos Mexicanos,Sonora,De 2 500 a 4 999 habitantes,De 25 a 29 años,4241,2091,2150,3681,1834,1847,560,257,303
1574,Estados Unidos Mexicanos,Sonora,De 2 500 a 4 999 habitantes,De 30 a 34 años,3535,1767,1768,3014,1520,1494,521,247,274
1575,Estados Unidos Mexicanos,Sonora,De 2 500 a 4 999 habitantes,De 35 a 39 años,3571,1793,1778,2964,1497,1467,607,296,311
1576,Estados Unidos Mexicanos,Sonora,De 2 500 a 4 999 habitantes,De 40 años y más,12461,6491,5970,9374,4980,4394,3087,1511,1576
1577,Estados Unidos Mexicanos,Sonora,De 5 000 a 9 999 habitantes,Total,35294,18381,16913,28677,14898,13779,6617,3483,3134
1578,Estados Unidos Mexicanos,Sonora,De 5 000 a 9 999 habitantes,De 6 a 9 años,5686,2983,2703,2877,1430,1447,2809,1553,1256
1579,Estados Unidos Mexicanos,Sonora,De 5 000 a 9 999 habitantes,De 10 a 14 años,6412,3502,2910,5799,3102,2697,613,400,213
1580,Estados Unidos Mexicanos,Sonora,De 5 000 a 9 999 habitantes,De 15 a 19 años,4873,2580,2293,4488,2361,2127,385,219,166
1581,Estados Unidos Mexicanos,Sonora,De 5 000 a 9 999 habitantes,De 20 a 24 años,3376,1609,1767,3082,1460,1622,294,149,145
1582,Estados Unidos Mexicanos,Sonora,De 5 000 a 9 999 habitantes,De 25 a 29 años,2822,1372,1450,2552,1245,1307,270,127,143
1583,Estados Unidos Mexicanos,Sonora,De 5 000 a 9 999 habitantes,De 30 a 34 años,2413,1219,1194,2156,1094,1062,257,125,132
1584,Estados Unidos Mexicanos,Sonora,De 5 000 a 9 999 habitantes,De 35 a 39 años,2235,1122,1113,1929,979,950,306,143,163
1585,Estados Unidos Mexicanos,Sonora,De 5 000 a 9 999 habitantes,De 40 años y más,7477,3994,3483,5794,3227,2567,1683,767,916
1586,Estados Unidos Mexicanos,Sonora,De 10 000 a 19 999 habitantes,Total,47876,22821,25055,41634,19793,21841,6242,3028,3214
1587,Estados Unidos Mexicanos,Sonora,De 10 000 a 19 999 habitantes,De 6 a 9 años,7141,3380,3761,4332,1939,2393,2809,1441,1368
1588,Estados Unidos Mexicanos,Sonora,De 10 000 a 19 999 habitantes,De 10 a 14 años,8355,4054,4301,7965,3836,4129,390,218,172
1589,Estados Unidos Mexicanos,Sonora,De 10 000 a 19 999 habitantes,De 15 a 19 años,6648,3151,3497,6391,3010,3381,257,141,116
1590,Estados Unidos Mexicanos,Sonora,De 10 000 a 19 999 habitantes,De 20 a 24 años,4786,2158,2628,4533,2034,2499,253,124,129
1591,Estados Unidos Mexicanos,Sonora,De 10 000 a 19 999 habitantes,De 25 a 29 años,3781,1705,2076,3512,1587,1925,269,118,151
1592,Estados Unidos Mexicanos,Sonora,De 10 000 a 19 999 habitantes,De 30 a 34 años,3013,1437,1576,2759,1339,1420,254,98,156
1593,Estados Unidos Mexicanos,Sonora,De 10 000 a 19 999 habitantes,De 35 a 39 años,2995,1428,1567,2677,1278,1399,318,150,168
1594,Estados Unidos Mexicanos,Sonora,De 10 000 a 19 999 habitantes,De 40 años y más,11157,5508,5649,9465,4770,4695,1692,738,954
1595,Estados Unidos Mexicanos,Sonora,De 20 000 a 49 999 habitantes,Total,127717,62895,64822,107643,53384,54259,20074,9511,10563
1596,Estados Unidos Mexicanos,Sonora,De 20 000 a 49 999 habitantes,De 6 a 9 años,20029,9947,10082,10853,5308,5545,9176,4639,4537
1597,Estados Unidos Mexicanos,Sonora,De 20 000 a 49 999 habitantes,De 10 a 14 años,22824,11605,11219,21308,10762,10546,1516,843,673
1598,Estados Unidos Mexicanos,Sonora,De 20 000 a 49 999 habitantes,De 15 a 19 años,17411,8468,8943,16364,7950,8414,1047,518,529
1599,Estados Unidos Mexicanos,Sonora,De 20 000 a 49 999 habitantes,De 20 a 24 años,12922,5857,7065,12035,5507,6528,887,350,537
1600,Estados Unidos Mexicanos,Sonora,De 20 000 a 49 999 habitantes,De 25 a 29 años,10359,4790,5569,9505,4435,5070,854,355,499
1601,Estados Unidos Mexicanos,Sonora,De 20 000 a 49 999 habitantes,De 30 a 34 años,8893,4341,4552,8041,3965,4076,852,376,476
1602,Estados Unidos Mexicanos,Sonora,De 20 000 a 49 999 habitantes,De 35 a 39 años,8419,4327,4092,7534,3926,3608,885,401,484
1603,Estados Unidos Mexicanos,Sonora,De 20 000 a 49 999 habitantes,De 40 años y más,26860,13560,13300,22003,11531,10472,4857,2029,2828
1604,Estados Unidos Mexicanos,Sonora,De 50 000 habitantes y más,Total,322147,157179,164968,275042,134578,140464,47105,22601,24504
1605,Estados Unidos Mexicanos,Sonora,De 50 000 habitantes y más,De 6 a 9 años,48888,24068,24820,26457,12768,13689,22431,11300,11131
1606,Estados Unidos Mexicanos,Sonora,De 50 000 habitantes y más,De 10 a 14 años,55527,27721,27806,52034,25764,26270,3493,1957,1536
1607,Estados Unidos Mexicanos,Sonora,De 50 000 habitantes y más,De 15 a 19 años,44604,21185,23419,42194,19990,22204,2410,1195,1215
1608,Estados Unidos Mexicanos,Sonora,De 50 000 habitantes y más,De 20 a 24 años,35068,16224,18844,32971,15257,17714,2097,967,1130
1609,Estados Unidos Mexicanos,Sonora,De 50 000 habitantes y más,De 25 a 29 años,27714,13098,14616,25712,12274,13438,2002,824,1178
1610,Estados Unidos Mexicanos,Sonora,De 50 000 habitantes y más,De 30 a 34 años,21905,10757,11148,20039,9946,10093,1866,811,1055
1611,Estados Unidos Mexicanos,Sonora,De 50 000 habitantes y más,De 35 a 39 años,20814,10482,10332,18693,9560,9133,2121,922,1199
1612,Estados Unidos Mexicanos,Sonora,De 50 000 habitantes y más,De 40 años y más,67627,33644,33983,56942,29019,27923,10685,4625,6060
1613,Estados Unidos Mexicanos,Tabasco,Total,Total,599962,303805,296157,416924,221281,195643,183038,82524,100514
1614,Estados Unidos Mexicanos,Tabasco,Total,De 6 a 9 años,106415,54329,52086,41042,20434,20608,65373,33895,31478
1615,Estados Unidos Mexicanos,Tabasco,Total,De 10 a 14 años,107332,55039,52293,89065,45631,43434,18267,9408,8859
1616,Estados Unidos Mexicanos,Tabasco,Total,De 15 a 19 años,83995,41128,42867,71791,35914,35877,12204,5214,6990
1617,Estados Unidos Mexicanos,Tabasco,Total,De 20 a 24 años,61973,29894,32079,50878,25668,25210,11095,4226,6869
1618,Estados Unidos Mexicanos,Tabasco,Total,De 25 a 29 años,51496,24689,26807,40467,20587,19880,11029,4102,6927
1619,Estados Unidos Mexicanos,Tabasco,Total,De 30 a 34 años,37808,19532,18276,29892,16416,13476,7916,3116,4800
1620,Estados Unidos Mexicanos,Tabasco,Total,De 35 a 39 años,39529,20036,19493,29467,16322,13145,10062,3714,6348
1621,Estados Unidos Mexicanos,Tabasco,Total,De 40 años y más,111414,59158,52256,64322,40309,24013,47092,18849,28243
1622,Estados Unidos Mexicanos,Tabasco,Hasta 2 499 habitantes,Total,391414,202069,189345,250475,136941,113534,140939,65128,75811
1623,Estados Unidos Mexicanos,Tabasco,Hasta 2 499 habitantes,De 6 a 9 años,73760,37799,35961,23678,11845,11833,50082,25954,24128
1624,Estados Unidos Mexicanos,Tabasco,Hasta 2 499 habitantes,De 10 a 14 años,71929,37384,34545,56579,29416,27163,15350,7968,7382
1625,Estados Unidos Mexicanos,Tabasco,Hasta 2 499 habitantes,De 15 a 19 años,54562,27324,27238,44628,22990,21638,9934,4334,5600
1626,Estados Unidos Mexicanos,Tabasco,Hasta 2 499 habitantes,De 20 a 24 años,39948,19741,20207,31195,16287,14908,8753,3454,5299
1627,Estados Unidos Mexicanos,Tabasco,Hasta 2 499 habitantes,De 25 a 29 años,33314,16250,17064,24757,12926,11831,8557,3324,5233
1628,Estados Unidos Mexicanos,Tabasco,Hasta 2 499 habitantes,De 30 a 34 años,23272,12310,10962,17318,9873,7445,5954,2437,3517
1629,Estados Unidos Mexicanos,Tabasco,Hasta 2 499 habitantes,De 35 a 39 años,24746,12749,11997,17277,9818,7459,7469,2931,4538
1630,Estados Unidos Mexicanos,Tabasco,Hasta 2 499 habitantes,De 40 años y más,69883,38512,31371,35043,23786,11257,34840,14726,20114
1631,Estados Unidos Mexicanos,Tabasco,De 2 500 a 4 999 habitantes,Total,34734,17296,17438,25498,13342,12156,9236,3954,5282
1632,Estados Unidos Mexicanos,Tabasco,De 2 500 a 4 999 habitantes,De 6 a 9 años,6040,3016,3024,2625,1242,1383,3415,1774,1641
1633,Estados Unidos Mexicanos,Tabasco,De 2 500 a 4 999 habitantes,De 10 a 14 años,6340,3197,3143,5619,2842,2777,721,355,366
1634,Estados Unidos Mexicanos,Tabasco,De 2 500 a 4 999 habitantes,De 15 a 19 años,4606,2218,2388,4119,2013,2106,487,205,282
1635,Estados Unidos Mexicanos,Tabasco,De 2 500 a 4 999 habitantes,De 20 a 24 años,3389,1588,1801,2919,1430,1489,470,158,312
1636,Estados Unidos Mexicanos,Tabasco,De 2 500 a 4 999 habitantes,De 25 a 29 años,2879,1320,1559,2358,1157,1201,521,163,358
1637,Estados Unidos Mexicanos,Tabasco,De 2 500 a 4 999 habitantes,De 30 a 34 años,2306,1185,1121,1893,1025,868,413,160,253
1638,Estados Unidos Mexicanos,Tabasco,De 2 500 a 4 999 habitantes,De 35 a 39 años,2440,1219,1221,1815,1041,774,625,178,447
1639,Estados Unidos Mexicanos,Tabasco,De 2 500 a 4 999 habitantes,De 40 años y más,6734,3553,3181,4150,2592,1558,2584,961,1623
1640,Estados Unidos Mexicanos,Tabasco,De 5 000 a 9 999 habitantes,Total,32190,15799,16391,25701,13104,12597,6489,2695,3794
1641,Estados Unidos Mexicanos,Tabasco,De 5 000 a 9 999 habitantes,De 6 a 9 años,5280,2660,2620,3013,1498,1515,2267,1162,1105
1642,Estados Unidos Mexicanos,Tabasco,De 5 000 a 9 999 habitantes,De 10 a 14 años,5783,2879,2904,5338,2666,2672,445,213,232
1643,Estados Unidos Mexicanos,Tabasco,De 5 000 a 9 999 habitantes,De 15 a 19 años,4528,2129,2399,4209,2000,2209,319,129,190
1644,Estados Unidos Mexicanos,Tabasco,De 5 000 a 9 999 habitantes,De 20 a 24 años,3113,1428,1685,2764,1321,1443,349,107,242
1645,Estados Unidos Mexicanos,Tabasco,De 5 000 a 9 999 habitantes,De 25 a 29 años,2644,1254,1390,2238,1116,1122,406,138,268
1646,Estados Unidos Mexicanos,Tabasco,De 5 000 a 9 999 habitantes,De 30 a 34 años,2116,1068,1048,1804,957,847,312,111,201
1647,Estados Unidos Mexicanos,Tabasco,De 5 000 a 9 999 habitantes,De 35 a 39 años,2213,1097,1116,1821,985,836,392,112,280
1648,Estados Unidos Mexicanos,Tabasco,De 5 000 a 9 999 habitantes,De 40 años y más,6513,3284,3229,4514,2561,1953,1999,723,1276
1649,Estados Unidos Mexicanos,Tabasco,De 10 000 a 19 999 habitantes,Total,59704,29642,30062,47951,24719,23232,11753,4923,6830
1650,Estados Unidos Mexicanos,Tabasco,De 10 000 a 19 999 habitantes,De 6 a 9 años,9662,5027,4635,5411,2754,2657,4251,2273,1978
1651,Estados Unidos Mexicanos,Tabasco,De 10 000 a 19 999 habitantes,De 10 a 14 años,10111,5133,4978,9349,4773,4576,762,360,402
1652,Estados Unidos Mexicanos,Tabasco,De 10 000 a 19 999 habitantes,De 15 a 19 años,8303,3894,4409,7598,3634,3964,705,260,445
1653,Estados Unidos Mexicanos,Tabasco,De 10 000 a 19 999 habitantes,De 20 a 24 años,6389,2917,3472,5640,2668,2972,749,249,500
1654,Estados Unidos Mexicanos,Tabasco,De 10 000 a 19 999 habitantes,De 25 a 29 años,5508,2584,2924,4739,2349,2390,769,235,534
1655,Estados Unidos Mexicanos,Tabasco,De 10 000 a 19 999 habitantes,De 30 a 34 años,4246,2132,2114,3651,1935,1716,595,197,398
1656,Estados Unidos Mexicanos,Tabasco,De 10 000 a 19 999 habitantes,De 35 a 39 años,4202,2093,2109,3474,1860,1614,728,233,495
1657,Estados Unidos Mexicanos,Tabasco,De 10 000 a 19 999 habitantes,De 40 años y más,11283,5862,5421,8089,4746,3343,3194,1116,2078
1658,Estados Unidos Mexicanos,Tabasco,De 50 000 habitantes y más,Total,81920,38999,42921,67299,33175,34124,14621,5824,8797
1659,Estados Unidos Mexicanos,Tabasco,De 50 000 habitantes y más,De 6 a 9 años,11673,5827,5846,6315,3095,3220,5358,2732,2626
1660,Estados Unidos Mexicanos,Tabasco,De 50 000 habitantes y más,De 10 a 14 años,13169,6446,6723,12180,5934,6246,989,512,477
1661,Estados Unidos Mexicanos,Tabasco,De 50 000 habitantes y más,De 15 a 19 años,11996,5563,6433,11237,5277,5960,759,286,473
1662,Estados Unidos Mexicanos,Tabasco,De 50 000 habitantes y más,De 20 a 24 años,9134,4220,4914,8360,3962,4398,774,258,516
1663,Estados Unidos Mexicanos,Tabasco,De 50 000 habitantes y más,De 25 a 29 años,7151,3281,3870,6375,3039,3336,776,242,534
1664,Estados Unidos Mexicanos,Tabasco,De 50 000 habitantes y más,De 30 a 34 años,5868,2837,3031,5226,2626,2600,642,211,431
1665,Estados Unidos Mexicanos,Tabasco,De 50 000 habitantes y más,De 35 a 39 años,5928,2878,3050,5080,2618,2462,848,260,588
1666,Estados Unidos Mexicanos,Tabasco,De 50 000 habitantes y más,De 40 años y más,17001,7947,9054,12526,6624,5902,4475,1323,3152
1667,Estados Unidos Mexicanos,Tamaulipas,Total,Total,1162003,577112,584891,946807,476662,470145,215196,100450,114746
1668,Estados Unidos Mexicanos,Tamaulipas,Total,De 6 a 9 años,178467,89400,89067,104217,51623,52594,74250,37777,36473
1669,Estados Unidos Mexicanos,Tamaulipas,Total,De 10 a 14 años,193150,98077,95073,176184,89061,87123,16966,9016,7950
1670,Estados Unidos Mexicanos,Tamaulipas,Total,De 15 a 19 años,149035,72645,76390,136827,66556,70271,12208,6089,6119
1671,Estados Unidos Mexicanos,Tamaulipas,Total,De 20 a 24 años,119002,55021,63981,107776,50237,57539,11226,4784,6442
1672,Estados Unidos Mexicanos,Tamaulipas,Total,De 25 a 29 años,96872,45953,50919,85912,41450,44462,10960,4503,6457
1673,Estados Unidos Mexicanos,Tamaulipas,Total,De 30 a 34 años,82413,40426,41987,72122,36058,36064,10291,4368,5923
1674,Estados Unidos Mexicanos,Tamaulipas,Total,De 35 a 39 años,78481,39161,39320,66539,34161,32378,11942,5000,6942
1675,Estados Unidos Mexicanos,Tamaulipas,Total,De 40 años y más,264583,136429,128154,197230,107516,89714,67353,28913,38440
1676,Estados Unidos Mexicanos,Tamaulipas,Hasta 2 499 habitantes,Total,353892,184724,169168,266387,141554,124833,87505,43170,44335
1677,Estados Unidos Mexicanos,Tamaulipas,Hasta 2 499 habitantes,De 6 a 9 años,58953,29478,29475,30252,14988,15264,28701,14490,14211
1678,Estados Unidos Mexicanos,Tamaulipas,Hasta 2 499 habitantes,De 10 a 14 años,60464,31209,29255,52959,27234,25725,7505,3975,3530
1679,Estados Unidos Mexicanos,Tamaulipas,Hasta 2 499 habitantes,De 15 a 19 años,43209,22155,21054,38273,19645,18628,4936,2510,2426
1680,Estados Unidos Mexicanos,Tamaulipas,Hasta 2 499 habitantes,De 20 a 24 años,34570,17246,17324,30176,15214,14962,4394,2032,2362
1681,Estados Unidos Mexicanos,Tamaulipas,Hasta 2 499 habitantes,De 25 a 29 años,28730,14485,14245,24202,12442,11760,4528,2043,2485
1682,Estados Unidos Mexicanos,Tamaulipas,Hasta 2 499 habitantes,De 30 a 34 años,24190,12619,11571,19958,10647,9311,4232,1972,2260
1683,Estados Unidos Mexicanos,Tamaulipas,Hasta 2 499 habitantes,De 35 a 39 años,23462,12530,10932,18461,10167,8294,5001,2363,2638
1684,Estados Unidos Mexicanos,Tamaulipas,Hasta 2 499 habitantes,De 40 años y más,80314,45002,35312,52106,31217,20889,28208,13785,14423
1685,Estados Unidos Mexicanos,Tamaulipas,De 2 500 a 4 999 habitantes,Total,36533,17956,18577,30112,15081,15031,6421,2875,3546
1686,Estados Unidos Mexicanos,Tamaulipas,De 2 500 a 4 999 habitantes,De 6 a 9 años,5873,2808,3065,3644,1749,1895,2229,1059,1170
1687,Estados Unidos Mexicanos,Tamaulipas,De 2 500 a 4 999 habitantes,De 10 a 14 años,6411,3138,3273,5988,2922,3066,423,216,207
1688,Estados Unidos Mexicanos,Tamaulipas,De 2 500 a 4 999 habitantes,De 15 a 19 años,4428,2122,2306,4194,2006,2188,234,116,118
1689,Estados Unidos Mexicanos,Tamaulipas,De 2 500 a 4 999 habitantes,De 20 a 24 años,3479,1561,1918,3200,1444,1756,279,117,162
1690,Estados Unidos Mexicanos,Tamaulipas,De 2 500 a 4 999 habitantes,De 25 a 29 años,2875,1323,1552,2522,1200,1322,353,123,230
1691,Estados Unidos Mexicanos,Tamaulipas,De 2 500 a 4 999 habitantes,De 30 a 34 años,2502,1235,1267,2209,1120,1089,293,115,178
1692,Estados Unidos Mexicanos,Tamaulipas,De 2 500 a 4 999 habitantes,De 35 a 39 años,2560,1302,1258,2187,1143,1044,373,159,214
1693,Estados Unidos Mexicanos,Tamaulipas,De 2 500 a 4 999 habitantes,De 40 años y más,8405,4467,3938,6168,3497,2671,2237,970,1267
1694,Estados Unidos Mexicanos,Tamaulipas,De 5 000 a 9 999 habitantes,Total,39334,19534,19800,31686,16057,15629,7648,3477,4171
1695,Estados Unidos Mexicanos,Tamaulipas,De 5 000 a 9 999 habitantes,De 6 a 9 años,6282,3163,3119,3771,1898,1873,2511,1265,1246
1696,Estados Unidos Mexicanos,Tamaulipas,De 5 000 a 9 999 habitantes,De 10 a 14 años,6906,3435,3471,6299,3146,3153,607,289,318
1697,Estados Unidos Mexicanos,Tamaulipas,De 5 000 a 9 999 habitantes,De 15 a 19 años,4893,2436,2457,4454,2226,2228,439,210,229
1698,Estados Unidos Mexicanos,Tamaulipas,De 5 000 a 9 999 habitantes,De 20 a 24 años,3597,1573,2024,3208,1415,1793,389,158,231
1699,Estados Unidos Mexicanos,Tamaulipas,De 5 000 a 9 999 habitantes,De 25 a 29 años,3158,1485,1673,2726,1309,1417,432,176,256
1700,Estados Unidos Mexicanos,Tamaulipas,De 5 000 a 9 999 habitantes,De 30 a 34 años,2701,1321,1380,2335,1174,1161,366,147,219
1701,Estados Unidos Mexicanos,Tamaulipas,De 5 000 a 9 999 habitantes,De 35 a 39 años,2643,1285,1358,2204,1105,1099,439,180,259
1702,Estados Unidos Mexicanos,Tamaulipas,De 5 000 a 9 999 habitantes,De 40 años y más,9154,4836,4318,6689,3784,2905,2465,1052,1413
1703,Estados Unidos Mexicanos,Tamaulipas,De 10 000 a 19 999 habitantes,Total,32648,15983,16665,28551,14089,14462,4097,1894,2203
1704,Estados Unidos Mexicanos,Tamaulipas,De 10 000 a 19 999 habitantes,De 6 a 9 años,5131,2574,2557,3510,1736,1774,1621,838,783
1705,Estados Unidos Mexicanos,Tamaulipas,De 10 000 a 19 999 habitantes,De 10 a 14 años,5694,2941,2753,5473,2800,2673,221,141,80
1706,Estados Unidos Mexicanos,Tamaulipas,De 10 000 a 19 999 habitantes,De 15 a 19 años,4317,2075,2242,4147,1969,2178,170,106,64
1707,Estados Unidos Mexicanos,Tamaulipas,De 10 000 a 19 999 habitantes,De 20 a 24 años,3390,1443,1947,3195,1367,1828,195,76,119
1708,Estados Unidos Mexicanos,Tamaulipas,De 10 000 a 19 999 habitantes,De 25 a 29 años,2621,1191,1430,2442,1136,1306,179,55,124
1709,Estados Unidos Mexicanos,Tamaulipas,De 10 000 a 19 999 habitantes,De 30 a 34 años,2267,1014,1253,2072,957,1115,195,57,138
1710,Estados Unidos Mexicanos,Tamaulipas,De 10 000 a 19 999 habitantes,De 35 a 39 años,2130,1038,1092,1918,967,951,212,71,141
1711,Estados Unidos Mexicanos,Tamaulipas,De 10 000 a 19 999 habitantes,De 40 años y más,7098,3707,3391,5794,3157,2637,1304,550,754
1712,Estados Unidos Mexicanos,Tamaulipas,De 20 000 a 49 999 habitantes,Total,30913,15934,14979,25636,13344,12292,5277,2590,2687
1713,Estados Unidos Mexicanos,Tamaulipas,De 20 000 a 49 999 habitantes,De 6 a 9 años,5026,2775,2251,3122,1667,1455,1904,1108,796
1714,Estados Unidos Mexicanos,Tamaulipas,De 20 000 a 49 999 habitantes,De 10 a 14 años,5572,3016,2556,5165,2763,2402,407,253,154
1715,Estados Unidos Mexicanos,Tamaulipas,De 20 000 a 49 999 habitantes,De 15 a 19 años,3961,2006,1955,3697,1867,1830,264,139,125
1716,Estados Unidos Mexicanos,Tamaulipas,De 20 000 a 49 999 habitantes,De 20 a 24 años,3112,1458,1654,2852,1359,1493,260,99,161
1717,Estados Unidos Mexicanos,Tamaulipas,De 20 000 a 49 999 habitantes,De 25 a 29 años,2629,1195,1434,2343,1090,1253,286,105,181
1718,Estados Unidos Mexicanos,Tamaulipas,De 20 000 a 49 999 habitantes,De 30 a 34 años,2323,1086,1237,2029,980,1049,294,106,188
1719,Estados Unidos Mexicanos,Tamaulipas,De 20 000 a 49 999 habitantes,De 35 a 39 años,2008,1068,940,1725,956,769,283,112,171
1720,Estados Unidos Mexicanos,Tamaulipas,De 20 000 a 49 999 habitantes,De 40 años y más,6282,3330,2952,4703,2662,2041,1579,668,911
1721,Estados Unidos Mexicanos,Tamaulipas,De 50 000 habitantes y más,Total,668683,322981,345702,564435,276537,287898,104248,46444,57804
1722,Estados Unidos Mexicanos,Tamaulipas,De 50 000 habitantes y más,De 6 a 9 años,97202,48602,48600,59918,29585,30333,37284,19017,18267
1723,Estados Unidos Mexicanos,Tamaulipas,De 50 000 habitantes y más,De 10 a 14 años,108103,54338,53765,100300,50196,50104,7803,4142,3661
1724,Estados Unidos Mexicanos,Tamaulipas,De 50 000 habitantes y más,De 15 a 19 años,88227,41851,46376,82062,38843,43219,6165,3008,3157
1725,Estados Unidos Mexicanos,Tamaulipas,De 50 000 habitantes y más,De 20 a 24 años,70854,31740,39114,65145,29438,35707,5709,2302,3407
1726,Estados Unidos Mexicanos,Tamaulipas,De 50 000 habitantes y más,De 25 a 29 años,56859,26274,30585,51677,24273,27404,5182,2001,3181
1727,Estados Unidos Mexicanos,Tamaulipas,De 50 000 habitantes y más,De 30 a 34 años,48430,23151,25279,43519,21180,22339,4911,1971,2940
1728,Estados Unidos Mexicanos,Tamaulipas,De 50 000 habitantes y más,De 35 a 39 años,45678,21938,23740,40044,19823,20221,5634,2115,3519
1729,Estados Unidos Mexicanos,Tamaulipas,De 50 000 habitantes y más,De 40 años y más,153330,75087,78243,121770,63199,58571,31560,11888,19672
1730,Estados Unidos Mexicanos,Tlaxcala,Total,Total,334216,169102,165114,244140,131384,112756,90076,37718,52358
1731,Estados Unidos Mexicanos,Tlaxcala,Total,De 6 a 9 años,55080,28528,26552,30141,15469,14672,24939,13059,11880
1732,Estados Unidos Mexicanos,Tlaxcala,Total,De 10 a 14 años,58428,30427,28001,53089,27753,25336,5339,2674,2665
1733,Estados Unidos Mexicanos,Tlaxcala,Total,De 15 a 19 años,41044,21397,19647,36831,19516,17315,4213,1881,2332
1734,Estados Unidos Mexicanos,Tlaxcala,Total,De 20 a 24 años,30331,14866,15465,25725,13166,12559,4606,1700,2906
1735,Estados Unidos Mexicanos,Tlaxcala,Total,De 25 a 29 años,24776,11887,12889,19531,10034,9497,5245,1853,3392
1736,Estados Unidos Mexicanos,Tlaxcala,Total,De 30 a 34 años,20649,10111,10538,15703,8323,7380,4946,1788,3158
1737,Estados Unidos Mexicanos,Tlaxcala,Total,De 35 a 39 años,21319,10167,11152,15240,8074,7166,6079,2093,3986
1738,Estados Unidos Mexicanos,Tlaxcala,Total,De 40 años y más,82589,41719,40870,47880,29049,18831,34709,12670,22039
1739,Estados Unidos Mexicanos,Tlaxcala,Hasta 2 499 habitantes,Total,167222,86040,81182,120493,65840,54653,46729,20200,26529
1740,Estados Unidos Mexicanos,Tlaxcala,Hasta 2 499 habitantes,De 6 a 9 años,28044,14600,13444,14778,7610,7168,13266,6990,6276
1741,Estados Unidos Mexicanos,Tlaxcala,Hasta 2 499 habitantes,De 10 a 14 años,29475,15443,14032,26499,13908,12591,2976,1535,1441
1742,Estados Unidos Mexicanos,Tlaxcala,Hasta 2 499 habitantes,De 15 a 19 años,20178,10865,9313,17862,9745,8117,2316,1120,1196
1743,Estados Unidos Mexicanos,Tlaxcala,Hasta 2 499 habitantes,De 20 a 24 años,14693,7358,7335,12406,6472,5934,2287,886,1401
1744,Estados Unidos Mexicanos,Tlaxcala,Hasta 2 499 habitantes,De 25 a 29 años,12143,5890,6253,9504,4928,4576,2639,962,1677
1745,Estados Unidos Mexicanos,Tlaxcala,Hasta 2 499 habitantes,De 30 a 34 años,10098,5040,5058,7671,4079,3592,2427,961,1466
1746,Estados Unidos Mexicanos,Tlaxcala,Hasta 2 499 habitantes,De 35 a 39 años,10560,5101,5459,7508,4005,3503,3052,1096,1956
1747,Estados Unidos Mexicanos,Tlaxcala,Hasta 2 499 habitantes,De 40 años y más,42031,21743,20288,24265,15093,9172,17766,6650,11116
1748,Estados Unidos Mexicanos,Tlaxcala,De 2 500 a 4 999 habitantes,Total,55132,27776,27356,39071,21123,17948,16061,6653,9408
1749,Estados Unidos Mexicanos,Tlaxcala,De 2 500 a 4 999 habitantes,De 6 a 9 años,9054,4639,4415,4886,2474,2412,4168,2165,2003
1750,Estados Unidos Mexicanos,Tlaxcala,De 2 500 a 4 999 habitantes,De 10 a 14 años,9650,5067,4583,8607,4524,4083,1043,543,500
1751,Estados Unidos Mexicanos,Tlaxcala,De 2 500 a 4 999 habitantes,De 15 a 19 años,6613,3374,3239,5882,3053,2829,731,321,410
1752,Estados Unidos Mexicanos,Tlaxcala,De 2 500 a 4 999 habitantes,De 20 a 24 años,4846,2399,2447,3995,2066,1929,851,333,518
1753,Estados Unidos Mexicanos,Tlaxcala,De 2 500 a 4 999 habitantes,De 25 a 29 años,3969,1871,2098,3027,1552,1475,942,319,623
1754,Estados Unidos Mexicanos,Tlaxcala,De 2 500 a 4 999 habitantes,De 30 a 34 años,3323,1655,1668,2458,1361,1097,865,294,571
1755,Estados Unidos Mexicanos,Tlaxcala,De 2 500 a 4 999 habitantes,De 35 a 39 años,3487,1641,1846,2370,1280,1090,1117,361,756
1756,Estados Unidos Mexicanos,Tlaxcala,De 2 500 a 4 999 habitantes,De 40 años y más,14190,7130,7060,7846,4813,3033,6344,2317,4027
1757,Estados Unidos Mexicanos,Tlaxcala,De 5 000 a 9 999 habitantes,Total,46896,23603,23293,35259,18928,16331,11637,4675,6962
1758,Estados Unidos Mexicanos,Tlaxcala,De 5 000 a 9 999 habitantes,De 6 a 9 años,7523,3968,3555,4397,2310,2087,3126,1658,1468
1759,Estados Unidos Mexicanos,Tlaxcala,De 5 000 a 9 999 habitantes,De 10 a 14 años,8021,4155,3866,7485,3893,3592,536,262,274
1760,Estados Unidos Mexicanos,Tlaxcala,De 5 000 a 9 999 habitantes,De 15 a 19 años,5857,3049,2808,5455,2888,2567,402,161,241
1761,Estados Unidos Mexicanos,Tlaxcala,De 5 000 a 9 999 habitantes,De 20 a 24 años,4444,2153,2291,3900,1978,1922,544,175,369
1762,Estados Unidos Mexicanos,Tlaxcala,De 5 000 a 9 999 habitantes,De 25 a 29 años,3624,1747,1877,2970,1517,1453,654,230,424
1763,Estados Unidos Mexicanos,Tlaxcala,De 5 000 a 9 999 habitantes,De 30 a 34 años,2984,1442,1542,2335,1236,1099,649,206,443
1764,Estados Unidos Mexicanos,Tlaxcala,De 5 000 a 9 999 habitantes,De 35 a 39 años,3049,1435,1614,2233,1165,1068,816,270,546
1765,Estados Unidos Mexicanos,Tlaxcala,De 5 000 a 9 999 habitantes,De 40 años y más,11394,5654,5740,6484,3941,2543,4910,1713,3197
1766,Estados Unidos Mexicanos,Tlaxcala,De 10 000 a 19 999 habitantes,Total,47689,23553,24136,34394,18196,16198,13295,5357,7938
1767,Estados Unidos Mexicanos,Tlaxcala,De 10 000 a 19 999 habitantes,De 6 a 9 años,7798,4035,3763,4212,2171,2041,3586,1864,1722
1768,Estados Unidos Mexicanos,Tlaxcala,De 10 000 a 19 999 habitantes,De 10 a 14 años,8260,4267,3993,7574,3978,3596,686,289,397
1769,Estados Unidos Mexicanos,Tlaxcala,De 10 000 a 19 999 habitantes,De 15 a 19 años,6136,3045,3091,5467,2796,2671,669,249,420
1770,Estados Unidos Mexicanos,Tlaxcala,De 10 000 a 19 999 habitantes,De 20 a 24 años,4727,2254,2473,3920,1972,1948,807,282,525
1771,Estados Unidos Mexicanos,Tlaxcala,De 10 000 a 19 999 habitantes,De 25 a 29 años,3735,1789,1946,2853,1485,1368,882,304,578
1772,Estados Unidos Mexicanos,Tlaxcala,De 10 000 a 19 999 habitantes,De 30 a 34 años,3099,1457,1642,2237,1171,1066,862,286,576
1773,Estados Unidos Mexicanos,Tlaxcala,De 10 000 a 19 999 habitantes,De 35 a 39 años,3080,1463,1617,2132,1145,987,948,318,630
1774,Estados Unidos Mexicanos,Tlaxcala,De 10 000 a 19 999 habitantes,De 40 años y más,10854,5243,5611,5999,3478,2521,4855,1765,3090
1775,Estados Unidos Mexicanos,Tlaxcala,De 20 000 a 49 999 habitantes,Total,17277,8130,9147,14923,7297,7626,2354,833,1521
1776,Estados Unidos Mexicanos,Tlaxcala,De 20 000 a 49 999 habitantes,De 6 a 9 años,2661,1286,1375,1868,904,964,793,382,411
1777,Estados Unidos Mexicanos,Tlaxcala,De 20 000 a 49 999 habitantes,De 10 a 14 años,3022,1495,1527,2924,1450,1474,98,45,53
1778,Estados Unidos Mexicanos,Tlaxcala,De 20 000 a 49 999 habitantes,De 15 a 19 años,2260,1064,1196,2165,1034,1131,95,30,65
1779,Estados Unidos Mexicanos,Tlaxcala,De 20 000 a 49 999 habitantes,De 20 a 24 años,1621,702,919,1504,678,826,117,24,93
1780,Estados Unidos Mexicanos,Tlaxcala,De 20 000 a 49 999 habitantes,De 25 a 29 años,1305,590,715,1177,552,625,128,38,90
1781,Estados Unidos Mexicanos,Tlaxcala,De 20 000 a 49 999 habitantes,De 30 a 34 años,1145,517,628,1002,476,526,143,41,102
1782,Estados Unidos Mexicanos,Tlaxcala,De 20 000 a 49 999 habitantes,De 35 a 39 años,1143,527,616,997,479,518,146,48,98
1783,Estados Unidos Mexicanos,Tlaxcala,De 20 000 a 49 999 habitantes,De 40 años y más,4120,1949,2171,3286,1724,1562,834,225,609
1784,Estados Unidos Mexicanos,Veracruz,Total,Total,3039354,1522825,1516529,1994879,1062502,932377,1044475,460323,584152
1785,Estados Unidos Mexicanos,Veracruz,Total,De 6 a 9 años,472628,243331,229297,183677,93560,90117,288951,149771,139180
1786,Estados Unidos Mexicanos,Veracruz,Total,De 10 a 14 años,498857,258767,240090,407621,212649,194972,91236,46118,45118
1787,Estados Unidos Mexicanos,Veracruz,Total,De 15 a 19 años,398737,198383,200354,321641,164515,157126,77096,33868,43228
1788,Estados Unidos Mexicanos,Veracruz,Total,De 20 a 24 años,322560,154902,167658,244445,124282,120163,78115,30620,47495
1789,Estados Unidos Mexicanos,Veracruz,Total,De 25 a 29 años,270262,130803,139459,189166,99263,89903,81096,31540,49556
1790,Estados Unidos Mexicanos,Veracruz,Total,De 30 a 34 años,211326,105731,105595,147676,80343,67333,63650,25388,38262
1791,Estados Unidos Mexicanos,Veracruz,Total,De 35 a 39 años,210071,103743,106328,136993,75860,61133,73078,27883,45195
1792,Estados Unidos Mexicanos,Veracruz,Total,De 40 años y más,654913,327165,327748,363660,212030,151630,291253,115135,176118
1793,Estados Unidos Mexicanos,Veracruz,Hasta 2 499 habitantes,Total,1574732,812091,762641,883361,497244,386117,691371,314847,376524
1794,Estados Unidos Mexicanos,Veracruz,Hasta 2 499 habitantes,De 6 a 9 años,263608,136148,127460,83463,42827,40636,180145,93321,86824
1795,Estados Unidos Mexicanos,Veracruz,Hasta 2 499 habitantes,De 10 a 14 años,266165,139995,126170,201533,107260,94273,64632,32735,31897
1796,Estados Unidos Mexicanos,Veracruz,Hasta 2 499 habitantes,De 15 a 19 años,205517,105112,100405,150431,80476,69955,55086,24636,30450
1797,Estados Unidos Mexicanos,Veracruz,Hasta 2 499 habitantes,De 20 a 24 años,167289,83178,84111,111786,60643,51143,55503,22535,32968
1798,Estados Unidos Mexicanos,Veracruz,Hasta 2 499 habitantes,De 25 a 29 años,142090,71306,70784,84168,47734,36434,57922,23572,34350
1799,Estados Unidos Mexicanos,Veracruz,Hasta 2 499 habitantes,De 30 a 34 años,105105,54575,50530,61420,36252,25168,43685,18323,25362
1800,Estados Unidos Mexicanos,Veracruz,Hasta 2 499 habitantes,De 35 a 39 años,105539,54040,51499,56399,34156,22243,49140,19884,29256
1801,Estados Unidos Mexicanos,Veracruz,Hasta 2 499 habitantes,De 40 años y más,319419,167737,151682,134161,87896,46265,185258,79841,105417
1802,Estados Unidos Mexicanos,Veracruz,De 2 500 a 4 999 habitantes,Total,254369,128060,126309,158565,86273,72292,95804,41787,54017
1803,Estados Unidos Mexicanos,Veracruz,De 2 500 a 4 999 habitantes,De 6 a 9 años,40104,20606,19498,14432,7302,7130,25672,13304,12368
1804,Estados Unidos Mexicanos,Veracruz,De 2 500 a 4 999 habitantes,De 10 a 14 años,42662,22304,20358,33949,17913,16036,8713,4391,4322
1805,Estados Unidos Mexicanos,Veracruz,De 2 500 a 4 999 habitantes,De 15 a 19 años,32474,16283,16191,25554,13272,12282,6920,3011,3909
1806,Estados Unidos Mexicanos,Veracruz,De 2 500 a 4 999 habitantes,De 20 a 24 años,25814,12455,13359,18619,9675,8944,7195,2780,4415
1807,Estados Unidos Mexicanos,Veracruz,De 2 500 a 4 999 habitantes,De 25 a 29 años,22169,10745,11424,14873,7992,6881,7296,2753,4543
1808,Estados Unidos Mexicanos,Veracruz,De 2 500 a 4 999 habitantes,De 30 a 34 años,17474,8669,8805,11643,6413,5230,5831,2256,3575
1809,Estados Unidos Mexicanos,Veracruz,De 2 500 a 4 999 habitantes,De 35 a 39 años,17863,8892,8971,10896,6187,4709,6967,2705,4262
1810,Estados Unidos Mexicanos,Veracruz,De 2 500 a 4 999 habitantes,De 40 años y más,55809,28106,27703,28599,17519,11080,27210,10587,16623
1811,Estados Unidos Mexicanos,Veracruz,De 5 000 a 9 999 habitantes,Total,199943,99292,100651,142658,74859,67799,57285,24433,32852
1812,Estados Unidos Mexicanos,Veracruz,De 5 000 a 9 999 habitantes,De 6 a 9 años,30633,15859,14774,13903,7106,6797,16730,8753,7977
1813,Estados Unidos Mexicanos,Veracruz,De 5 000 a 9 999 habitantes,De 10 a 14 años,33578,17575,16003,29181,15262,13919,4397,2313,2084
1814,Estados Unidos Mexicanos,Veracruz,De 5 000 a 9 999 habitantes,De 15 a 19 años,25732,13009,12723,22096,11336,10760,3636,1673,1963
1815,Estados Unidos Mexicanos,Veracruz,De 5 000 a 9 999 habitantes,De 20 a 24 años,19861,9404,10457,16206,8012,8194,3655,1392,2263
1816,Estados Unidos Mexicanos,Veracruz,De 5 000 a 9 999 habitantes,De 25 a 29 años,16592,7664,8928,12901,6375,6526,3691,1289,2402
1817,Estados Unidos Mexicanos,Veracruz,De 5 000 a 9 999 habitantes,De 30 a 34 años,13957,6792,7165,10544,5522,5022,3413,1270,2143
1818,Estados Unidos Mexicanos,Veracruz,De 5 000 a 9 999 habitantes,De 35 a 39 años,13968,6779,7189,9915,5385,4530,4053,1394,2659
1819,Estados Unidos Mexicanos,Veracruz,De 5 000 a 9 999 habitantes,De 40 años y más,45622,22210,23412,27912,15861,12051,17710,6349,11361
1820,Estados Unidos Mexicanos,Veracruz,De 10 000 a 19 999 habitantes,Total,205647,99625,106022,154846,78530,76316,50801,21095,29706
1821,Estados Unidos Mexicanos,Veracruz,De 10 000 a 19 999 habitantes,De 6 a 9 años,30473,15407,15066,14355,7170,7185,16118,8237,7881
1822,Estados Unidos Mexicanos,Veracruz,De 10 000 a 19 999 habitantes,De 10 a 14 años,34193,17100,17093,30357,15203,15154,3836,1897,1939
1823,Estados Unidos Mexicanos,Veracruz,De 10 000 a 19 999 habitantes,De 15 a 19 años,26827,12833,13994,23804,11578,12226,3023,1255,1768
1824,Estados Unidos Mexicanos,Veracruz,De 10 000 a 19 999 habitantes,De 20 a 24 años,20732,9378,11354,17737,8333,9404,2995,1045,1950
1825,Estados Unidos Mexicanos,Veracruz,De 10 000 a 19 999 habitantes,De 25 a 29 años,17243,7993,9250,14060,6835,7225,3183,1158,2025
1826,Estados Unidos Mexicanos,Veracruz,De 10 000 a 19 999 habitantes,De 30 a 34 años,14459,6936,7523,11603,5901,5702,2856,1035,1821
1827,Estados Unidos Mexicanos,Veracruz,De 10 000 a 19 999 habitantes,De 35 a 39 años,14615,7009,7606,11167,5807,5360,3448,1202,2246
1828,Estados Unidos Mexicanos,Veracruz,De 10 000 a 19 999 habitantes,De 40 años y más,47105,22969,24136,31763,17703,14060,15342,5266,10076
1829,Estados Unidos Mexicanos,Veracruz,De 20 000 a 49 999 habitantes,Total,171029,83675,87354,131663,67851,63812,39366,15824,23542
1830,Estados Unidos Mexicanos,Veracruz,De 20 000 a 49 999 habitantes,De 6 a 9 años,25337,13203,12134,12708,6537,6171,12629,6666,5963
1831,Estados Unidos Mexicanos,Veracruz,De 20 000 a 49 999 habitantes,De 10 a 14 años,27884,14296,13588,25075,12861,12214,2809,1435,1374
1832,Estados Unidos Mexicanos,Veracruz,De 20 000 a 49 999 habitantes,De 15 a 19 años,22628,10942,11686,20207,9945,10262,2421,997,1424
1833,Estados Unidos Mexicanos,Veracruz,De 20 000 a 49 999 habitantes,De 20 a 24 años,18300,8422,9878,15780,7601,8179,2520,821,1699
1834,Estados Unidos Mexicanos,Veracruz,De 20 000 a 49 999 habitantes,De 25 a 29 años,15624,7440,8184,13134,6647,6487,2490,793,1697
1835,Estados Unidos Mexicanos,Veracruz,De 20 000 a 49 999 habitantes,De 30 a 34 años,12625,6202,6423,10500,5487,5013,2125,715,1410
1836,Estados Unidos Mexicanos,Veracruz,De 20 000 a 49 999 habitantes,De 35 a 39 años,11869,5633,6236,9307,4912,4395,2562,721,1841
1837,Estados Unidos Mexicanos,Veracruz,De 20 000 a 49 999 habitantes,De 40 años y más,36762,17537,19225,24952,13861,11091,11810,3676,8134
1838,Estados Unidos Mexicanos,Veracruz,De 50 000 habitantes y más,Total,633634,300082,333552,523786,257745,266041,109848,42337,67511
1839,Estados Unidos Mexicanos,Veracruz,De 50 000 habitantes y más,De 6 a 9 años,82473,42108,40365,44816,22618,22198,37657,19490,18167
1840,Estados Unidos Mexicanos,Veracruz,De 50 000 habitantes y más,De 10 a 14 años,94375,47497,46878,87526,44150,43376,6849,3347,3502
1841,Estados Unidos Mexicanos,Veracruz,De 50 000 habitantes y más,De 15 a 19 años,85559,40204,45355,79549,37908,41641,6010,2296,3714
1842,Estados Unidos Mexicanos,Veracruz,De 50 000 habitantes y más,De 20 a 24 años,70564,32065,38499,64317,30018,34299,6247,2047,4200
1843,Estados Unidos Mexicanos,Veracruz,De 50 000 habitantes y más,De 25 a 29 años,56544,25655,30889,50030,23680,26350,6514,1975,4539
1844,Estados Unidos Mexicanos,Veracruz,De 50 000 habitantes y más,De 30 a 34 años,47706,22557,25149,41966,20768,21198,5740,1789,3951
1845,Estados Unidos Mexicanos,Veracruz,De 50 000 habitantes y más,De 35 a 39 años,46217,21390,24827,39309,19413,19896,6908,1977,4931
1846,Estados Unidos Mexicanos,Veracruz,De 50 000 habitantes y más,De 40 años y más,150196,68606,81590,116273,59190,57083,33923,9416,24507
1847,Estados Unidos Mexicanos,Yucatán,Total,Total,618880,308949,309931,429643,222653,206990,189237,86296,102941
1848,Estados Unidos Mexicanos,Yucatán,Total,De 6 a 9 años,87795,43945,43850,37801,18842,18959,49994,25103,24891
1849,Estados Unidos Mexicanos,Yucatán,Total,De 10 a 14 años,94866,48277,46589,76349,38815,37534,18517,9462,9055
1850,Estados Unidos Mexicanos,Yucatán,Total,De 15 a 19 años,82766,40727,42039,65919,33054,32865,16847,7673,9174
1851,Estados Unidos Mexicanos,Yucatán,Total,De 20 a 24 años,65515,31632,33883,50421,25433,24988,15094,6199,8895
1852,Estados Unidos Mexicanos,Yucatán,Total,De 25 a 29 años,48190,22747,25443,36132,18129,18003,12058,4618,7440
1853,Estados Unidos Mexicanos,Yucatán,Total,De 30 a 34 años,40336,19875,20461,30310,15771,14539,10026,4104,5922
1854,Estados Unidos Mexicanos,Yucatán,Total,De 35 a 39 años,39481,18882,20599,28350,14610,13740,11131,4272,6859
1855,Estados Unidos Mexicanos,Yucatán,Total,De 40 años y más,159931,82864,77067,104361,57999,46362,55570,24865,30705
1856,Estados Unidos Mexicanos,Yucatán,Hasta 2 499 habitantes,Total,212171,110671,101500,122341,69229,53112,89830,41442,48388
1857,Estados Unidos Mexicanos,Yucatán,Hasta 2 499 habitantes,De 6 a 9 años,31989,15964,16025,10244,5105,5139,21745,10859,10886
1858,Estados Unidos Mexicanos,Yucatán,Hasta 2 499 habitantes,De 10 a 14 años,33367,17316,16051,23856,12478,11378,9511,4838,4673
1859,Estados Unidos Mexicanos,Yucatán,Hasta 2 499 habitantes,De 15 a 19 años,28846,14748,14098,20040,10765,9275,8806,3983,4823
1860,Estados Unidos Mexicanos,Yucatán,Hasta 2 499 habitantes,De 20 a 24 años,23319,11845,11474,15495,8669,6826,7824,3176,4648
1861,Estados Unidos Mexicanos,Yucatán,Hasta 2 499 habitantes,De 25 a 29 años,16924,8350,8574,10563,5911,4652,6361,2439,3922
1862,Estados Unidos Mexicanos,Yucatán,Hasta 2 499 habitantes,De 30 a 34 años,13647,7140,6507,8529,4992,3537,5118,2148,2970
1863,Estados Unidos Mexicanos,Yucatán,Hasta 2 499 habitantes,De 35 a 39 años,13663,6836,6827,8038,4629,3409,5625,2207,3418
1864,Estados Unidos Mexicanos,Yucatán,Hasta 2 499 habitantes,De 40 años y más,50416,28472,21944,25576,16680,8896,24840,11792,13048
1865,Estados Unidos Mexicanos,Yucatán,De 2 500 a 4 999 habitantes,Total,93119,47892,45227,59908,32277,27631,33211,15615,17596
1866,Estados Unidos Mexicanos,Yucatán,De 2 500 a 4 999 habitantes,De 6 a 9 años,13619,7067,6552,5527,2834,2693,8092,4233,3859
1867,Estados Unidos Mexicanos,Yucatán,De 2 500 a 4 999 habitantes,De 10 a 14 años,14458,7462,6996,11264,5763,5501,3194,1699,1495
1868,Estados Unidos Mexicanos,Yucatán,De 2 500 a 4 999 habitantes,De 15 a 19 años,12266,6313,5953,9350,4902,4448,2916,1411,1505
1869,Estados Unidos Mexicanos,Yucatán,De 2 500 a 4 999 habitantes,De 20 a 24 años,9750,4742,5008,7014,3584,3430,2736,1158,1578
1870,Estados Unidos Mexicanos,Yucatán,De 2 500 a 4 999 habitantes,De 25 a 29 años,7215,3425,3790,5079,2593,2486,2136,832,1304
1871,Estados Unidos Mexicanos,Yucatán,De 2 500 a 4 999 habitantes,De 30 a 34 años,6088,3008,3080,4367,2325,2042,1721,683,1038
1872,Estados Unidos Mexicanos,Yucatán,De 2 500 a 4 999 habitantes,De 35 a 39 años,5977,2921,3056,4011,2177,1834,1966,744,1222
1873,Estados Unidos Mexicanos,Yucatán,De 2 500 a 4 999 habitantes,De 40 años y más,23746,12954,10792,13296,8099,5197,10450,4855,5595
1874,Estados Unidos Mexicanos,Yucatán,De 5 000 a 9 999 habitantes,Total,62821,30739,32082,41065,20716,20349,21756,10023,11733
1875,Estados Unidos Mexicanos,Yucatán,De 5 000 a 9 999 habitantes,De 6 a 9 años,9356,4485,4871,3719,1807,1912,5637,2678,2959
1876,Estados Unidos Mexicanos,Yucatán,De 5 000 a 9 999 habitantes,De 10 a 14 años,10075,4826,5249,7777,3671,4106,2298,1155,1143
1877,Estados Unidos Mexicanos,Yucatán,De 5 000 a 9 999 habitantes,De 15 a 19 años,8447,3915,4532,6552,3055,3497,1895,860,1035
1878,Estados Unidos Mexicanos,Yucatán,De 5 000 a 9 999 habitantes,De 20 a 24 años,6498,2985,3513,4856,2304,2552,1642,681,961
1879,Estados Unidos Mexicanos,Yucatán,De 5 000 a 9 999 habitantes,De 25 a 29 años,4711,2133,2578,3407,1608,1799,1304,525,779
1880,Estados Unidos Mexicanos,Yucatán,De 5 000 a 9 999 habitantes,De 30 a 34 años,3945,1898,2047,2816,1445,1371,1129,453,676
1881,Estados Unidos Mexicanos,Yucatán,De 5 000 a 9 999 habitantes,De 35 a 39 años,3980,1934,2046,2668,1403,1265,1312,531,781
1882,Estados Unidos Mexicanos,Yucatán,De 5 000 a 9 999 habitantes,De 40 años y más,15809,8563,7246,9270,5423,3847,6539,3140,3399
1883,Estados Unidos Mexicanos,Yucatán,De 10 000 a 19 999 habitantes,Total,72259,35280,36979,53748,27018,26730,18511,8262,10249
1884,Estados Unidos Mexicanos,Yucatán,De 10 000 a 19 999 habitantes,De 6 a 9 años,10475,5139,5336,5270,2489,2781,5205,2650,2555
1885,Estados Unidos Mexicanos,Yucatán,De 10 000 a 19 999 habitantes,De 10 a 14 años,11664,5737,5927,10035,4900,5135,1629,837,792
1886,Estados Unidos Mexicanos,Yucatán,De 10 000 a 19 999 habitantes,De 15 a 19 años,9412,4540,4872,8035,3896,4139,1377,644,733
1887,Estados Unidos Mexicanos,Yucatán,De 10 000 a 19 999 habitantes,De 20 a 24 años,7146,3342,3804,5910,2846,3064,1236,496,740
1888,Estados Unidos Mexicanos,Yucatán,De 10 000 a 19 999 habitantes,De 25 a 29 años,5366,2493,2873,4332,2134,2198,1034,359,675
1889,Estados Unidos Mexicanos,Yucatán,De 10 000 a 19 999 habitantes,De 30 a 34 años,4727,2248,2479,3775,1899,1876,952,349,603
1890,Estados Unidos Mexicanos,Yucatán,De 10 000 a 19 999 habitantes,De 35 a 39 años,4723,2201,2522,3594,1793,1801,1129,408,721
1891,Estados Unidos Mexicanos,Yucatán,De 10 000 a 19 999 habitantes,De 40 años y más,18746,9580,9166,12797,7061,5736,5949,2519,3430
1892,Estados Unidos Mexicanos,Yucatán,De 50 000 habitantes y más,Total,178510,84367,94143,152581,73413,79168,25929,10954,14975
1893,Estados Unidos Mexicanos,Yucatán,De 50 000 habitantes y más,De 6 a 9 años,22356,11290,11066,13041,6607,6434,9315,4683,4632
1894,Estados Unidos Mexicanos,Yucatán,De 50 000 habitantes y más,De 10 a 14 años,25302,12936,12366,23417,12003,11414,1885,933,952
1895,Estados Unidos Mexicanos,Yucatán,De 50 000 habitantes y más,De 15 a 19 años,23795,11211,12584,21942,10436,11506,1853,775,1078
1896,Estados Unidos Mexicanos,Yucatán,De 50 000 habitantes y más,De 20 a 24 años,18802,8718,10084,17146,8030,9116,1656,688,968
1897,Estados Unidos Mexicanos,Yucatán,De 50 000 habitantes y más,De 25 a 29 años,13974,6346,7628,12751,5883,6868,1223,463,760
1898,Estados Unidos Mexicanos,Yucatán,De 50 000 habitantes y más,De 30 a 34 años,11929,5581,6348,10823,5110,5713,1106,471,635
1899,Estados Unidos Mexicanos,Yucatán,De 50 000 habitantes y más,De 35 a 39 años,11138,4990,6148,10039,4608,5431,1099,382,717
1900,Estados Unidos Mexicanos,Yucatán,De 50 000 habitantes y más,De 40 años y más,51214,23295,27919,43422,20736,22686,7792,2559,5233
1901,Estados Unidos Mexicanos,Zacatecas,Total,Total,731600,365110,366490,552465,277698,274767,179135,87412,91723
1902,Estados Unidos Mexicanos,Zacatecas,Total,De 6 a 9 años,128221,64228,63993,62325,30797,31528,65896,33431,32465
1903,Estados Unidos Mexicanos,Zacatecas,Total,De 10 a 14 años,132996,67799,65197,118032,59817,58215,14964,7982,6982
1904,Estados Unidos Mexicanos,Zacatecas,Total,De 15 a 19 años,93683,46762,46921,83994,41721,42273,9689,5041,4648
1905,Estados Unidos Mexicanos,Zacatecas,Total,De 20 a 24 años,68737,32597,36140,59633,28422,31211,9104,4175,4929
1906,Estados Unidos Mexicanos,Zacatecas,Total,De 25 a 29 años,54523,26040,28483,46165,22281,23884,8358,3759,4599
1907,Estados Unidos Mexicanos,Zacatecas,Total,De 30 a 34 años,45267,22339,22928,37200,18368,18832,8067,3971,4096
1908,Estados Unidos Mexicanos,Zacatecas,Total,De 35 a 39 años,43903,21663,22240,35256,17824,17432,8647,3839,4808
1909,Estados Unidos Mexicanos,Zacatecas,Total,De 40 años y más,164270,83682,80588,109860,58468,51392,54410,25214,29196
1910,Estados Unidos Mexicanos,Zacatecas,Hasta 2 499 habitantes,Total,497555,251251,246304,362718,184452,178266,134837,66799,68038
1911,Estados Unidos Mexicanos,Zacatecas,Hasta 2 499 habitantes,De 6 a 9 años,89217,44686,44531,40723,20014,20709,48494,24672,23822
1912,Estados Unidos Mexicanos,Zacatecas,Hasta 2 499 habitantes,De 10 a 14 años,90886,46436,44450,79286,40250,39036,11600,6186,5414
1913,Estados Unidos Mexicanos,Zacatecas,Hasta 2 499 habitantes,De 15 a 19 años,62998,31749,31249,55552,27839,27713,7446,3910,3536
1914,Estados Unidos Mexicanos,Zacatecas,Hasta 2 499 habitantes,De 20 a 24 años,46371,22374,23997,39337,19089,20248,7034,3285,3749
1915,Estados Unidos Mexicanos,Zacatecas,Hasta 2 499 habitantes,De 25 a 29 años,37222,18101,19121,30718,15091,15627,6504,3010,3494
1916,Estados Unidos Mexicanos,Zacatecas,Hasta 2 499 habitantes,De 30 a 34 años,31004,15597,15407,24709,12402,12307,6295,3195,3100
1917,Estados Unidos Mexicanos,Zacatecas,Hasta 2 499 habitantes,De 35 a 39 años,29966,15001,14965,23345,11974,11371,6621,3027,3594
1918,Estados Unidos Mexicanos,Zacatecas,Hasta 2 499 habitantes,De 40 años y más,109891,57307,52584,69048,37793,31255,40843,19514,21329
1919,Estados Unidos Mexicanos,Zacatecas,De 2 500 a 4 999 habitantes,Total,41103,20874,20229,32051,16437,15614,9052,4437,4615
1920,Estados Unidos Mexicanos,Zacatecas,De 2 500 a 4 999 habitantes,De 6 a 9 años,6950,3660,3290,3689,1905,1784,3261,1755,1506
1921,Estados Unidos Mexicanos,Zacatecas,De 2 500 a 4 999 habitantes,De 10 a 14 años,7638,4110,3528,7048,3775,3273,590,335,255
1922,Estados Unidos Mexicanos,Zacatecas,De 2 500 a 4 999 habitantes,De 15 a 19 años,5157,2598,2559,4707,2363,2344,450,235,215
1923,Estados Unidos Mexicanos,Zacatecas,De 2 500 a 4 999 habitantes,De 20 a 24 años,3636,1688,1948,3218,1491,1727,418,197,221
1924,Estados Unidos Mexicanos,Zacatecas,De 2 500 a 4 999 habitantes,De 25 a 29 años,2830,1344,1486,2462,1188,1274,368,156,212
1925,Estados Unidos Mexicanos,Zacatecas,De 2 500 a 4 999 habitantes,De 30 a 34 años,2469,1197,1272,2065,1006,1059,404,191,213
1926,Estados Unidos Mexicanos,Zacatecas,De 2 500 a 4 999 habitantes,De 35 a 39 años,2491,1230,1261,2019,1035,984,472,195,277
1927,Estados Unidos Mexicanos,Zacatecas,De 2 500 a 4 999 habitantes,De 40 años y más,9932,5047,4885,6843,3674,3169,3089,1373,1716
1928,Estados Unidos Mexicanos,Zacatecas,De 5 000 a 9 999 habitantes,Total,74415,35467,38948,60407,28967,31440,14008,6500,7508
1929,Estados Unidos Mexicanos,Zacatecas,De 5 000 a 9 999 habitantes,De 6 a 9 años,12536,6019,6517,7136,3404,3732,5400,2615,2785
1930,Estados Unidos Mexicanos,Zacatecas,De 5 000 a 9 999 habitantes,De 10 a 14 años,13303,6534,6769,12340,6031,6309,963,503,460
1931,Estados Unidos Mexicanos,Zacatecas,De 5 000 a 9 999 habitantes,De 15 a 19 años,9450,4456,4994,8781,4115,4666,669,341,328
1932,Estados Unidos Mexicanos,Zacatecas,De 5 000 a 9 999 habitantes,De 20 a 24 años,6631,2975,3656,6006,2705,3301,625,270,355
1933,Estados Unidos Mexicanos,Zacatecas,De 5 000 a 9 999 habitantes,De 25 a 29 años,5492,2454,3038,4893,2198,2695,599,256,343
1934,Estados Unidos Mexicanos,Zacatecas,De 5 000 a 9 999 habitantes,De 30 a 34 años,4469,2107,2362,3903,1838,2065,566,269,297
1935,Estados Unidos Mexicanos,Zacatecas,De 5 000 a 9 999 habitantes,De 35 a 39 años,4441,2145,2296,3844,1899,1945,597,246,351
1936,Estados Unidos Mexicanos,Zacatecas,De 5 000 a 9 999 habitantes,De 40 años y más,18093,8777,9316,13504,6777,6727,4589,2000,2589
1937,Estados Unidos Mexicanos,Zacatecas,De 10 000 a 19 999 habitantes,Total,27647,13509,14138,22194,10899,11295,5453,2610,2843
1938,Estados Unidos Mexicanos,Zacatecas,De 10 000 a 19 999 habitantes,De 6 a 9 años,4673,2332,2341,2458,1232,1226,2215,1100,1115
1939,Estados Unidos Mexicanos,Zacatecas,De 10 000 a 19 999 habitantes,De 10 a 14 años,4902,2380,2522,4436,2126,2310,466,254,212
1940,Estados Unidos Mexicanos,Zacatecas,De 10 000 a 19 999 habitantes,De 15 a 19 años,3617,1752,1865,3305,1595,1710,312,157,155
1941,Estados Unidos Mexicanos,Zacatecas,De 10 000 a 19 999 habitantes,De 20 a 24 años,2757,1257,1500,2486,1143,1343,271,114,157
1942,Estados Unidos Mexicanos,Zacatecas,De 10 000 a 19 999 habitantes,De 25 a 29 años,2274,1091,1183,1985,973,1012,289,118,171
1943,Estados Unidos Mexicanos,Zacatecas,De 10 000 a 19 999 habitantes,De 30 a 34 años,1739,874,865,1504,759,745,235,115,120
1944,Estados Unidos Mexicanos,Zacatecas,De 10 000 a 19 999 habitantes,De 35 a 39 años,1655,825,830,1397,714,683,258,111,147
1945,Estados Unidos Mexicanos,Zacatecas,De 10 000 a 19 999 habitantes,De 40 años y más,6030,2998,3032,4623,2357,2266,1407,641,766
1946,Estados Unidos Mexicanos,Zacatecas,De 20 000 a 49 999 habitantes,Total,51295,24505,26790,42078,20460,21618,9217,4045,5172
1947,Estados Unidos Mexicanos,Zacatecas,De 20 000 a 49 999 habitantes,De 6 a 9 años,8447,4286,4161,4715,2407,2308,3732,1879,1853
1948,Estados Unidos Mexicanos,Zacatecas,De 20 000 a 49 999 habitantes,De 10 a 14 años,9320,4650,4670,8643,4321,4322,677,329,348
1949,Estados Unidos Mexicanos,Zacatecas,De 20 000 a 49 999 habitantes,De 15 a 19 años,6889,3377,3512,6476,3199,3277,413,178,235
1950,Estados Unidos Mexicanos,Zacatecas,De 20 000 a 49 999 habitantes,De 20 a 24 años,4963,2207,2756,4557,2060,2497,406,147,259
1951,Estados Unidos Mexicanos,Zacatecas,De 20 000 a 49 999 habitantes,De 25 a 29 años,3640,1620,2020,3276,1481,1795,364,139,225
1952,Estados Unidos Mexicanos,Zacatecas,De 20 000 a 49 999 habitantes,De 30 a 34 años,3123,1387,1736,2791,1268,1523,332,119,213
1953,Estados Unidos Mexicanos,Zacatecas,De 20 000 a 49 999 habitantes,De 35 a 39 años,3017,1375,1642,2615,1212,1403,402,163,239
1954,Estados Unidos Mexicanos,Zacatecas,De 20 000 a 49 999 habitantes,De 40 años y más,11896,5603,6293,9005,4512,4493,2891,1091,1800
1955,Estados Unidos Mexicanos,Zacatecas,De 50 000 habitantes y más,Total,39585,19504,20081,33017,16483,16534,6568,3021,3547
1956,Estados Unidos Mexicanos,Zacatecas,De 50 000 habitantes y más,De 6 a 9 años,6398,3245,3153,3604,1835,1769,2794,1410,1384
1957,Estados Unidos Mexicanos,Zacatecas,De 50 000 habitantes y más,De 10 a 14 años,6947,3689,3258,6279,3314,2965,668,375,293
1958,Estados Unidos Mexicanos,Zacatecas,De 50 000 habitantes y más,De 15 a 19 años,5572,2830,2742,5173,2610,2563,399,220,179
1959,Estados Unidos Mexicanos,Zacatecas,De 50 000 habitantes y más,De 20 a 24 años,4379,2096,2283,4029,1934,2095,350,162,188
1960,Estados Unidos Mexicanos,Zacatecas,De 50 000 habitantes y más,De 25 a 29 años,3065,1430,1635,2831,1350,1481,234,80,154
1961,Estados Unidos Mexicanos,Zacatecas,De 50 000 habitantes y más,De 30 a 34 años,2463,1177,1286,2228,1095,1133,235,82,153
1962,Estados Unidos Mexicanos,Zacatecas,De 50 000 habitantes y más,De 35 a 39 años,2333,1087,1246,2036,990,1046,297,97,200
1963,Estados Unidos Mexicanos,Zacatecas,De 50 000 habitantes y más,De 40 años y más,8428,3950,4478,6837,3355,3482,1591,595,996
