,Estados Unidos Mexicanos,Entidad federativa,Tamaño de la localidad,Grupos quinquenales de edad,Población de 15 años y más,Alfabetas :Total,Alfabetas :Hombres,Analfabetas :Mujeres,Analfabetas :Total,Analfabetas :Hombres,Analfabetas :Mujeres
2,Estados Unidos Mexicanos,Total,Total,Total,37927410,31475670,15955272,15520398,6451740,2545171,3906569
3,Estados Unidos Mexicanos,Total,Total,15 a 19 años,7656539,7114592,3527308,3587284,541947,239380,302567
4,Estados Unidos Mexicanos,Total,Total,20 a 24 años,6154527,5584296,2745709,2838587,570231,226465,343766
5,Estados Unidos Mexicanos,Total,Total,25 a 29 años,4804392,4219010,2096665,2122345,585382,228395,356987
6,Estados Unidos Mexicanos,Total,Total,30 a 34 años,3838059,3274644,1664840,1609804,563415,220788,342627
7,Estados Unidos Mexicanos,Total,Total,35 a 39 años,3406934,2750979,1414878,1336101,655955,249695,406260
8,Estados Unidos Mexicanos,Total,Total,40 a 44 años,2745198,2155515,1131619,1023896,589683,228087,361596
9,Estados Unidos Mexicanos,Total,Total,45 a 49 años,2315629,1746528,919266,827262,569101,215423,353678
10,Estados Unidos Mexicanos,Total,Total,50 a 54 años,1863963,1356333,720909,635424,507630,191975,315655
11,Estados Unidos Mexicanos,Total,Total,55 a 59 años,1465903,1049483,569796,479687,416420,162707,253713
12,Estados Unidos Mexicanos,Total,Total,60 a 64 años,1115146,732683,389895,342788,382463,151967,230496
13,Estados Unidos Mexicanos,Total,Total,65 y más años,2561120,1491607,774387,717220,1069513,430289,639224
14,Estados Unidos Mexicanos,Total,1 a 2 499 hab.,Total,11931007,8181220,4492112,3689108,3749787,1606373,2143414
15,Estados Unidos Mexicanos,Total,1 a 2 499 hab.,15 a 19 años,2442632,2086836,1082771,1004065,355796,162822,192974
16,Estados Unidos Mexicanos,Total,1 a 2 499 hab.,20 a 24 años,1782867,1424246,741883,682363,358621,148526,210095
17,Estados Unidos Mexicanos,Total,1 a 2 499 hab.,25 a 29 años,1401417,1033340,549639,483701,368077,149285,218792
18,Estados Unidos Mexicanos,Total,1 a 2 499 hab.,30 a 34 años,1128297,786673,431562,355111,341624,142630,198994
19,Estados Unidos Mexicanos,Total,1 a 2 499 hab.,35 a 39 años,1111433,714229,395950,318279,397204,162659,234545
20,Estados Unidos Mexicanos,Total,1 a 2 499 hab.,40 a 44 años,896874,554983,319854,235129,341891,144946,196945
21,Estados Unidos Mexicanos,Total,1 a 2 499 hab.,45 a 49 años,777238,453959,265568,188391,323279,134910,188369
22,Estados Unidos Mexicanos,Total,1 a 2 499 hab.,50 a 54 años,615238,336329,204441,131888,278909,117454,161455
23,Estados Unidos Mexicanos,Total,1 a 2 499 hab.,55 a 59 años,478663,257121,161492,95629,221542,96593,124949
24,Estados Unidos Mexicanos,Total,1 a 2 499 hab.,60 a 64 años,393902,181015,114097,66918,212887,93803,119084
25,Estados Unidos Mexicanos,Total,1 a 2 499 hab.,65 y más años,902446,352489,224855,127634,549957,252745,297212
26,Estados Unidos Mexicanos,Total,2 500 a 4 999 hab.,Total,2243427,1741908,913982,827926,501519,196416,305103
27,Estados Unidos Mexicanos,Total,2 500 a 4 999 hab.,15 a 19 años,458544,419102,211217,207885,39442,16738,22704
28,Estados Unidos Mexicanos,Total,2 500 a 4 999 hab.,20 a 24 años,338550,296676,148422,148254,41874,16420,25454
29,Estados Unidos Mexicanos,Total,2 500 a 4 999 hab.,25 a 29 años,262982,220116,111990,108126,42866,16612,26254
30,Estados Unidos Mexicanos,Total,2 500 a 4 999 hab.,30 a 34 años,215420,172789,90269,82520,42631,16453,26178
31,Estados Unidos Mexicanos,Total,2 500 a 4 999 hab.,35 a 39 años,202599,152026,80022,72004,50573,19001,31572
32,Estados Unidos Mexicanos,Total,2 500 a 4 999 hab.,40 a 44 años,166665,120337,65934,54403,46328,17738,28590
33,Estados Unidos Mexicanos,Total,2 500 a 4 999 hab.,45 a 49 años,143484,98470,54745,43725,45014,17027,27987
34,Estados Unidos Mexicanos,Total,2 500 a 4 999 hab.,50 a 54 años,114633,74634,42325,32309,39999,15199,24800
35,Estados Unidos Mexicanos,Total,2 500 a 4 999 hab.,55 a 59 años,90925,57589,33740,23849,33336,13036,20300
36,Estados Unidos Mexicanos,Total,2 500 a 4 999 hab.,60 a 64 años,71875,41321,23996,17325,30554,12241,18313
37,Estados Unidos Mexicanos,Total,2 500 a 4 999 hab.,65 y más años,177750,88848,51322,37526,88902,35951,52951
38,Estados Unidos Mexicanos,Total,5 000 a 9 999 hab.,Total,1964151,1598622,819424,779198,365529,143434,222095
39,Estados Unidos Mexicanos,Total,5 000 a 9 999 hab.,15 a 19 años,405343,378096,188883,189213,27247,12067,15180
40,Estados Unidos Mexicanos,Total,5 000 a 9 999 hab.,20 a 24 años,306220,276175,134594,141581,30045,12102,17943
41,Estados Unidos Mexicanos,Total,5 000 a 9 999 hab.,25 a 29 años,236648,206361,102629,103732,30287,12075,18212
42,Estados Unidos Mexicanos,Total,5 000 a 9 999 hab.,30 a 34 años,192255,161623,82938,78685,30632,11890,18742
43,Estados Unidos Mexicanos,Total,5 000 a 9 999 hab.,35 a 39 años,176126,140349,72551,67798,35777,13374,22403
44,Estados Unidos Mexicanos,Total,5 000 a 9 999 hab.,40 a 44 años,144097,110877,58971,51906,33220,12584,20636
45,Estados Unidos Mexicanos,Total,5 000 a 9 999 hab.,45 a 49 años,122475,89131,47968,41163,33344,12423,20921
46,Estados Unidos Mexicanos,Total,5 000 a 9 999 hab.,50 a 54 años,97134,67482,37256,30226,29652,11231,18421
47,Estados Unidos Mexicanos,Total,5 000 a 9 999 hab.,55 a 59 años,76625,51880,29218,22662,24745,9575,15170
48,Estados Unidos Mexicanos,Total,5 000 a 9 999 hab.,60 a 64 años,59822,36907,20585,16322,22915,9067,13848
49,Estados Unidos Mexicanos,Total,5 000 a 9 999 hab.,65 y más años,147406,79741,43831,35910,67665,27046,40619
50,Estados Unidos Mexicanos,Total,10 000 a 14 999 hab.,Total,1167017,975712,489554,486158,191305,72719,118586
51,Estados Unidos Mexicanos,Total,10 000 a 14 999 hab.,15 a 19 años,241987,228558,112629,115929,13429,5809,7620
52,Estados Unidos Mexicanos,Total,10 000 a 14 999 hab.,20 a 24 años,181809,166692,79505,87187,15117,5805,9312
53,Estados Unidos Mexicanos,Total,10 000 a 14 999 hab.,25 a 29 años,140806,125209,61384,63825,15597,5953,9644
54,Estados Unidos Mexicanos,Total,10 000 a 14 999 hab.,30 a 34 años,114374,98783,49838,48945,15591,5765,9826
55,Estados Unidos Mexicanos,Total,10 000 a 14 999 hab.,35 a 39 años,103315,84990,43188,41802,18325,6588,11737
56,Estados Unidos Mexicanos,Total,10 000 a 14 999 hab.,40 a 44 años,85345,67767,35076,32691,17578,6402,11176
57,Estados Unidos Mexicanos,Total,10 000 a 14 999 hab.,45 a 49 años,72242,54950,28587,26363,17292,6239,11053
58,Estados Unidos Mexicanos,Total,10 000 a 14 999 hab.,50 a 54 años,57451,41604,22057,19547,15847,5776,10071
59,Estados Unidos Mexicanos,Total,10 000 a 14 999 hab.,55 a 59 años,45316,32175,17712,14463,13141,5074,8067
60,Estados Unidos Mexicanos,Total,10 000 a 14 999 hab.,60 a 64 años,36039,23645,12700,10945,12394,4767,7627
61,Estados Unidos Mexicanos,Total,10 000 a 14 999 hab.,65 y más años,88333,51339,26878,24461,36994,14541,22453
62,Estados Unidos Mexicanos,Total,15 000 a 19 999 hab.,Total,752546,650534,325108,325426,102012,36311,65701
63,Estados Unidos Mexicanos,Total,15 000 a 19 999 hab.,15 a 19 años,154931,148294,72378,75916,6637,2843,3794
64,Estados Unidos Mexicanos,Total,15 000 a 19 999 hab.,20 a 24 años,118676,111072,52604,58468,7604,2829,4775
65,Estados Unidos Mexicanos,Total,15 000 a 19 999 hab.,25 a 29 años,95033,86781,42082,44699,8252,3012,5240
66,Estados Unidos Mexicanos,Total,15 000 a 19 999 hab.,30 a 34 años,77296,68846,34551,34295,8450,3004,5446
67,Estados Unidos Mexicanos,Total,15 000 a 19 999 hab.,35 a 39 años,67966,57959,29568,28391,10007,3395,6612
68,Estados Unidos Mexicanos,Total,15 000 a 19 999 hab.,40 a 44 años,55048,45537,23700,21837,9511,3196,6315
69,Estados Unidos Mexicanos,Total,15 000 a 19 999 hab.,45 a 49 años,45384,36247,19098,17149,9137,3023,6114
70,Estados Unidos Mexicanos,Total,15 000 a 19 999 hab.,50 a 54 años,36439,27922,14878,13044,8517,2862,5655
71,Estados Unidos Mexicanos,Total,15 000 a 19 999 hab.,55 a 59 años,28589,21344,11649,9695,7245,2588,4657
72,Estados Unidos Mexicanos,Total,15 000 a 19 999 hab.,60 a 64 años,21710,15108,8087,7021,6602,2375,4227
73,Estados Unidos Mexicanos,Total,15 000 a 19 999 hab.,65 y más años,51474,31424,16513,14911,20050,7184,12866
74,Estados Unidos Mexicanos,Total,20 000 a 49 999 hab.,Total,2062875,1797233,887323,909910,265642,96034,169608
75,Estados Unidos Mexicanos,Total,20 000 a 49 999 hab.,15 a 19 años,422694,403917,196795,207122,18777,8057,10720
76,Estados Unidos Mexicanos,Total,20 000 a 49 999 hab.,20 a 24 años,331991,310700,146641,164059,21291,8137,13154
77,Estados Unidos Mexicanos,Total,20 000 a 49 999 hab.,25 a 29 años,257623,235697,113676,122021,21926,8139,13787
78,Estados Unidos Mexicanos,Total,20 000 a 49 999 hab.,30 a 34 años,209045,187064,92629,94435,21981,8064,13917
79,Estados Unidos Mexicanos,Total,20 000 a 49 999 hab.,35 a 39 años,183862,158697,79337,79360,25165,8739,16426
80,Estados Unidos Mexicanos,Total,20 000 a 49 999 hab.,40 a 44 años,150707,126540,64581,61959,24167,8275,15892
81,Estados Unidos Mexicanos,Total,20 000 a 49 999 hab.,45 a 49 años,124071,100775,51799,48976,23296,7931,15365
82,Estados Unidos Mexicanos,Total,20 000 a 49 999 hab.,50 a 54 años,101381,79294,41284,38010,22087,7453,14634
83,Estados Unidos Mexicanos,Total,20 000 a 49 999 hab.,55 a 59 años,79187,60569,31960,28609,18618,6633,11985
84,Estados Unidos Mexicanos,Total,20 000 a 49 999 hab.,60 a 64 años,59510,42805,22242,20563,16705,5901,10804
85,Estados Unidos Mexicanos,Total,20 000 a 49 999 hab.,65 y más años,142804,91175,46379,44796,51629,18705,32924
86,Estados Unidos Mexicanos,Total,50 000 a 99 999 hab.,Total,1358698,1230001,599358,630643,128697,45021,83676
87,Estados Unidos Mexicanos,Total,50 000 a 99 999 hab.,15 a 19 años,282649,274154,131637,142517,8495,3631,4864
88,Estados Unidos Mexicanos,Total,50 000 a 99 999 hab.,20 a 24 años,225408,215252,101300,113952,10156,3729,6427
89,Estados Unidos Mexicanos,Total,50 000 a 99 999 hab.,25 a 29 años,175388,164740,78433,86307,10648,4013,6635
90,Estados Unidos Mexicanos,Total,50 000 a 99 999 hab.,30 a 34 años,142786,132109,64490,67619,10677,3809,6868
91,Estados Unidos Mexicanos,Total,50 000 a 99 999 hab.,35 a 39 años,121653,109322,54254,55068,12331,4216,8115
92,Estados Unidos Mexicanos,Total,50 000 a 99 999 hab.,40 a 44 años,99025,87223,44115,43108,11802,3963,7839
93,Estados Unidos Mexicanos,Total,50 000 a 99 999 hab.,45 a 49 años,80437,68780,34799,33981,11657,3868,7789
94,Estados Unidos Mexicanos,Total,50 000 a 99 999 hab.,50 a 54 años,64005,53053,27238,25815,10952,3574,7378
95,Estados Unidos Mexicanos,Total,50 000 a 99 999 hab.,55 a 59 años,49873,40600,21277,19323,9273,3222,6051
96,Estados Unidos Mexicanos,Total,50 000 a 99 999 hab.,60 a 64 años,36040,27947,13954,13993,8093,2754,5339
97,Estados Unidos Mexicanos,Total,50 000 a 99 999 hab.,65 y más años,81434,56821,27861,28960,24613,8242,16371
98,Estados Unidos Mexicanos,Total,100 000  y más hab.,Total,16447689,15300440,7428411,7872029,1147249,348863,798386
99,Estados Unidos Mexicanos,Total,100 000  y más hab.,15 a 19 años,3247759,3175635,1530998,1644637,72124,27413,44711
100,Estados Unidos Mexicanos,Total,100 000  y más hab.,20 a 24 años,2869006,2783483,1340760,1442723,85523,28917,56606
101,Estados Unidos Mexicanos,Total,100 000  y más hab.,25 a 29 años,2234495,2146766,1036832,1109934,87729,29306,58423
102,Estados Unidos Mexicanos,Total,100 000  y más hab.,30 a 34 años,1758586,1666757,818563,848194,91829,29173,62656
103,Estados Unidos Mexicanos,Total,100 000  y más hab.,35 a 39 años,1439980,1333407,660008,673399,106573,31723,74850
104,Estados Unidos Mexicanos,Total,100 000  y más hab.,40 a 44 años,1147437,1042251,519388,522863,105186,30983,74203
105,Estados Unidos Mexicanos,Total,100 000  y más hab.,45 a 49 años,950298,844216,416702,427514,106082,30002,76080
106,Estados Unidos Mexicanos,Total,100 000  y más hab.,50 a 54 años,777682,676015,331430,344585,101667,28426,73241
107,Estados Unidos Mexicanos,Total,100 000  y más hab.,55 a 59 años,616725,528205,262748,265457,88520,25986,62534
108,Estados Unidos Mexicanos,Total,100 000  y más hab.,60 a 64 años,436248,363935,174234,189701,72313,21059,51254
109,Estados Unidos Mexicanos,Total,100 000  y más hab.,65 y más años,969473,739770,336748,403022,229703,65875,163828
110,Estados Unidos Mexicanos,01  Aguascalientes,Total,Total,283414,252624,123546,129078,30790,12404,18386
111,Estados Unidos Mexicanos,01  Aguascalientes,Total,15 a 19 años,61323,58938,29000,29938,2385,1238,1147
112,Estados Unidos Mexicanos,01  Aguascalientes,Total,20 a 24 años,46722,44545,21294,23251,2177,965,1212
113,Estados Unidos Mexicanos,01  Aguascalientes,Total,25 a 29 años,34885,32595,15573,17022,2290,917,1373
114,Estados Unidos Mexicanos,01  Aguascalientes,Total,30 a 34 años,28182,25829,12527,13302,2353,946,1407
115,Estados Unidos Mexicanos,01  Aguascalientes,Total,35 a 39 años,23792,21226,10495,10731,2566,1049,1517
116,Estados Unidos Mexicanos,01  Aguascalientes,Total,40 a 44 años,18619,16191,8012,8179,2428,880,1548
117,Estados Unidos Mexicanos,01  Aguascalientes,Total,45 a 49 años,16095,13513,6719,6794,2582,911,1671
118,Estados Unidos Mexicanos,01  Aguascalientes,Total,50 a 54 años,13470,10809,5337,5472,2661,948,1713
119,Estados Unidos Mexicanos,01  Aguascalientes,Total,55 a 59 años,11247,8830,4495,4335,2417,934,1483
120,Estados Unidos Mexicanos,01  Aguascalientes,Total,60 a 64 años,8252,6322,3235,3087,1930,737,1193
121,Estados Unidos Mexicanos,01  Aguascalientes,Total,65 y más años,20827,13826,6859,6967,7001,2879,4122
122,Estados Unidos Mexicanos,01  Aguascalientes,1 a 2 499 hab.,Total,76345,63844,33221,30623,12501,5725,6776
123,Estados Unidos Mexicanos,01  Aguascalientes,1 a 2 499 hab.,15 a 19 años,17363,16213,8253,7960,1150,663,487
124,Estados Unidos Mexicanos,01  Aguascalientes,1 a 2 499 hab.,20 a 24 años,12238,11316,5680,5636,922,441,481
125,Estados Unidos Mexicanos,01  Aguascalientes,1 a 2 499 hab.,25 a 29 años,8824,7838,3968,3870,986,417,569
126,Estados Unidos Mexicanos,01  Aguascalientes,1 a 2 499 hab.,30 a 34 años,7338,6385,3244,3141,953,430,523
127,Estados Unidos Mexicanos,01  Aguascalientes,1 a 2 499 hab.,35 a 39 años,6531,5447,2843,2604,1084,480,604
128,Estados Unidos Mexicanos,01  Aguascalientes,1 a 2 499 hab.,40 a 44 años,5153,4125,2141,1984,1028,446,582
129,Estados Unidos Mexicanos,01  Aguascalientes,1 a 2 499 hab.,45 a 49 años,4663,3616,1988,1628,1047,432,615
130,Estados Unidos Mexicanos,01  Aguascalientes,1 a 2 499 hab.,50 a 54 años,3647,2620,1444,1176,1027,437,590
131,Estados Unidos Mexicanos,01  Aguascalientes,1 a 2 499 hab.,55 a 59 años,2990,2089,1192,897,901,398,503
132,Estados Unidos Mexicanos,01  Aguascalientes,1 a 2 499 hab.,60 a 64 años,2198,1439,850,589,759,311,448
133,Estados Unidos Mexicanos,01  Aguascalientes,1 a 2 499 hab.,65 y más años,5400,2756,1618,1138,2644,1270,1374
134,Estados Unidos Mexicanos,01  Aguascalientes,2 500 a 4 999 hab.,Total,9967,8790,4371,4419,1177,513,664
135,Estados Unidos Mexicanos,01  Aguascalientes,2 500 a 4 999 hab.,15 a 19 años,2274,2183,1037,1146,91,46,45
136,Estados Unidos Mexicanos,01  Aguascalientes,2 500 a 4 999 hab.,20 a 24 años,1587,1503,754,749,84,39,45
137,Estados Unidos Mexicanos,01  Aguascalientes,2 500 a 4 999 hab.,25 a 29 años,1113,1042,491,551,71,29,42
138,Estados Unidos Mexicanos,01  Aguascalientes,2 500 a 4 999 hab.,30 a 34 años,940,833,427,406,107,41,66
139,Estados Unidos Mexicanos,01  Aguascalientes,2 500 a 4 999 hab.,35 a 39 años,790,690,341,349,100,41,59
140,Estados Unidos Mexicanos,01  Aguascalientes,2 500 a 4 999 hab.,40 a 44 años,667,575,297,278,92,39,53
141,Estados Unidos Mexicanos,01  Aguascalientes,2 500 a 4 999 hab.,45 a 49 años,628,524,256,268,104,54,50
142,Estados Unidos Mexicanos,01  Aguascalientes,2 500 a 4 999 hab.,50 a 54 años,500,404,222,182,96,38,58
143,Estados Unidos Mexicanos,01  Aguascalientes,2 500 a 4 999 hab.,55 a 59 años,401,314,154,160,87,39,48
144,Estados Unidos Mexicanos,01  Aguascalientes,2 500 a 4 999 hab.,60 a 64 años,299,232,120,112,67,29,38
145,Estados Unidos Mexicanos,01  Aguascalientes,2 500 a 4 999 hab.,65 y más años,768,490,272,218,278,118,160
146,Estados Unidos Mexicanos,01  Aguascalientes,5 000 a 9 999 hab.,Total,7070,5688,2931,2757,1382,634,748
147,Estados Unidos Mexicanos,01  Aguascalientes,5 000 a 9 999 hab.,15 a 19 años,1497,1351,686,665,146,56,90
148,Estados Unidos Mexicanos,01  Aguascalientes,5 000 a 9 999 hab.,20 a 24 años,1241,1092,543,549,149,71,78
149,Estados Unidos Mexicanos,01  Aguascalientes,5 000 a 9 999 hab.,25 a 29 años,909,782,394,388,127,60,67
150,Estados Unidos Mexicanos,01  Aguascalientes,5 000 a 9 999 hab.,30 a 34 años,747,619,324,295,128,53,75
151,Estados Unidos Mexicanos,01  Aguascalientes,5 000 a 9 999 hab.,35 a 39 años,721,561,276,285,160,84,76
152,Estados Unidos Mexicanos,01  Aguascalientes,5 000 a 9 999 hab.,40 a 44 años,482,365,191,174,117,38,79
153,Estados Unidos Mexicanos,01  Aguascalientes,5 000 a 9 999 hab.,45 a 49 años,374,274,150,124,100,42,58
154,Estados Unidos Mexicanos,01  Aguascalientes,5 000 a 9 999 hab.,50 a 54 años,284,172,89,83,112,60,52
155,Estados Unidos Mexicanos,01  Aguascalientes,5 000 a 9 999 hab.,55 a 59 años,255,166,103,63,89,33,56
156,Estados Unidos Mexicanos,01  Aguascalientes,5 000 a 9 999 hab.,60 a 64 años,174,110,69,41,64,27,37
157,Estados Unidos Mexicanos,01  Aguascalientes,5 000 a 9 999 hab.,65 y más años,386,196,106,90,190,110,80
158,Estados Unidos Mexicanos,01  Aguascalientes,10 000 a 14 999 hab.,Total,21103,18487,9057,9430,2616,1124,1492
159,Estados Unidos Mexicanos,01  Aguascalientes,10 000 a 14 999 hab.,15 a 19 años,4731,4555,2269,2286,176,84,92
160,Estados Unidos Mexicanos,01  Aguascalientes,10 000 a 14 999 hab.,20 a 24 años,3425,3265,1531,1734,160,73,87
161,Estados Unidos Mexicanos,01  Aguascalientes,10 000 a 14 999 hab.,25 a 29 años,2505,2314,1101,1213,191,79,112
162,Estados Unidos Mexicanos,01  Aguascalientes,10 000 a 14 999 hab.,30 a 34 años,1964,1778,853,925,186,72,114
163,Estados Unidos Mexicanos,01  Aguascalientes,10 000 a 14 999 hab.,35 a 39 años,1631,1427,697,730,204,92,112
164,Estados Unidos Mexicanos,01  Aguascalientes,10 000 a 14 999 hab.,40 a 44 años,1354,1168,583,585,186,69,117
165,Estados Unidos Mexicanos,01  Aguascalientes,10 000 a 14 999 hab.,45 a 49 años,1240,1047,520,527,193,78,115
166,Estados Unidos Mexicanos,01  Aguascalientes,10 000 a 14 999 hab.,50 a 54 años,1031,776,397,379,255,95,160
167,Estados Unidos Mexicanos,01  Aguascalientes,10 000 a 14 999 hab.,55 a 59 años,894,654,332,322,240,106,134
168,Estados Unidos Mexicanos,01  Aguascalientes,10 000 a 14 999 hab.,60 a 64 años,641,456,242,214,185,83,102
169,Estados Unidos Mexicanos,01  Aguascalientes,10 000 a 14 999 hab.,65 y más años,1687,1047,532,515,640,293,347
170,Estados Unidos Mexicanos,01  Aguascalientes,15 000 a 19 999 hab.,Total,0,0,0,0,0,0,0
171,Estados Unidos Mexicanos,01  Aguascalientes,20 000 a 49 999 hab.,Total,0,0,0,0,0,0,0
172,Estados Unidos Mexicanos,01  Aguascalientes,50 000 a 99 999 hab.,Total,0,0,0,0,0,0,0
173,Estados Unidos Mexicanos,01  Aguascalientes,100 000  y más hab.,Total,168929,155815,73966,81849,13114,4408,8706
174,Estados Unidos Mexicanos,01  Aguascalientes,100 000  y más hab.,15 a 19 años,35458,34636,16755,17881,822,389,433
175,Estados Unidos Mexicanos,01  Aguascalientes,100 000  y más hab.,20 a 24 años,28231,27369,12786,14583,862,341,521
176,Estados Unidos Mexicanos,01  Aguascalientes,100 000  y más hab.,25 a 29 años,21534,20619,9619,11000,915,332,583
177,Estados Unidos Mexicanos,01  Aguascalientes,100 000  y más hab.,30 a 34 años,17193,16214,7679,8535,979,350,629
178,Estados Unidos Mexicanos,01  Aguascalientes,100 000  y más hab.,35 a 39 años,14119,13101,6338,6763,1018,352,666
179,Estados Unidos Mexicanos,01  Aguascalientes,100 000  y más hab.,40 a 44 años,10963,9958,4800,5158,1005,288,717
180,Estados Unidos Mexicanos,01  Aguascalientes,100 000  y más hab.,45 a 49 años,9190,8052,3805,4247,1138,305,833
181,Estados Unidos Mexicanos,01  Aguascalientes,100 000  y más hab.,50 a 54 años,8008,6837,3185,3652,1171,318,853
182,Estados Unidos Mexicanos,01  Aguascalientes,100 000  y más hab.,55 a 59 años,6707,5607,2714,2893,1100,358,742
183,Estados Unidos Mexicanos,01  Aguascalientes,100 000  y más hab.,60 a 64 años,4940,4085,1954,2131,855,287,568
184,Estados Unidos Mexicanos,01  Aguascalientes,100 000  y más hab.,65 y más años,12586,9337,4331,5006,3249,1088,2161
185,Estados Unidos Mexicanos,02  Baja California,Total,Total,697135,650957,320536,330421,46178,18554,27624
186,Estados Unidos Mexicanos,02  Baja California,Total,15 a 19 años,144099,141474,69728,71746,2625,1352,1273
187,Estados Unidos Mexicanos,02  Baja California,Total,20 a 24 años,116657,113497,54227,59270,3160,1376,1784
188,Estados Unidos Mexicanos,02  Baja California,Total,25 a 29 años,88614,85268,40585,44683,3346,1415,1931
189,Estados Unidos Mexicanos,02  Baja California,Total,30 a 34 años,71937,68229,33075,35154,3708,1497,2211
190,Estados Unidos Mexicanos,02  Baja California,Total,35 a 39 años,60757,56665,27968,28697,4092,1556,2536
191,Estados Unidos Mexicanos,02  Baja California,Total,40 a 44 años,50405,46215,23166,23049,4190,1594,2596
192,Estados Unidos Mexicanos,02  Baja California,Total,45 a 49 años,43287,38908,19645,19263,4379,1664,2715
193,Estados Unidos Mexicanos,02  Baja California,Total,50 a 54 años,35958,31349,16298,15051,4609,1738,2871
194,Estados Unidos Mexicanos,02  Baja California,Total,55 a 59 años,28184,24248,13113,11135,3936,1655,2281
195,Estados Unidos Mexicanos,02  Baja California,Total,60 a 64 años,19773,16466,8637,7829,3307,1320,1987
196,Estados Unidos Mexicanos,02  Baja California,Total,65 y más años,37464,28638,14094,14544,8826,3387,5439
197,Estados Unidos Mexicanos,02  Baja California,1 a 2 499 hab.,Total,97300,85628,45432,40196,11672,5510,6162
198,Estados Unidos Mexicanos,02  Baja California,1 a 2 499 hab.,15 a 19 años,21189,20393,10493,9900,796,450,346
199,Estados Unidos Mexicanos,02  Baja California,1 a 2 499 hab.,20 a 24 años,14973,14112,7276,6836,861,418,443
200,Estados Unidos Mexicanos,02  Baja California,1 a 2 499 hab.,25 a 29 años,11181,10247,5234,5013,934,451,483
201,Estados Unidos Mexicanos,02  Baja California,1 a 2 499 hab.,30 a 34 años,9133,8198,4166,4032,935,425,510
202,Estados Unidos Mexicanos,02  Baja California,1 a 2 499 hab.,35 a 39 años,8448,7299,3761,3538,1149,490,659
203,Estados Unidos Mexicanos,02  Baja California,1 a 2 499 hab.,40 a 44 años,7396,6323,3385,2938,1073,474,599
204,Estados Unidos Mexicanos,02  Baja California,1 a 2 499 hab.,45 a 49 años,6230,5187,2793,2394,1043,467,576
205,Estados Unidos Mexicanos,02  Baja California,1 a 2 499 hab.,50 a 54 años,5402,4194,2436,1758,1208,543,665
206,Estados Unidos Mexicanos,02  Baja California,1 a 2 499 hab.,55 a 59 años,4277,3364,2045,1319,913,460,453
207,Estados Unidos Mexicanos,02  Baja California,1 a 2 499 hab.,60 a 64 años,3034,2230,1366,864,804,376,428
208,Estados Unidos Mexicanos,02  Baja California,1 a 2 499 hab.,65 y más años,6037,4081,2477,1604,1956,956,1000
209,Estados Unidos Mexicanos,02  Baja California,2 500 a 4 999 hab.,Total,17384,15307,7835,7472,2077,937,1140
210,Estados Unidos Mexicanos,02  Baja California,2 500 a 4 999 hab.,15 a 19 años,3982,3858,1923,1935,124,68,56
211,Estados Unidos Mexicanos,02  Baja California,2 500 a 4 999 hab.,20 a 24 años,2664,2526,1239,1287,138,62,76
212,Estados Unidos Mexicanos,02  Baja California,2 500 a 4 999 hab.,25 a 29 años,1926,1813,897,916,113,54,59
213,Estados Unidos Mexicanos,02  Baja California,2 500 a 4 999 hab.,30 a 34 años,1644,1441,714,727,203,85,118
214,Estados Unidos Mexicanos,02  Baja California,2 500 a 4 999 hab.,35 a 39 años,1501,1327,656,671,174,67,107
215,Estados Unidos Mexicanos,02  Baja California,2 500 a 4 999 hab.,40 a 44 años,1298,1076,562,514,222,98,124
216,Estados Unidos Mexicanos,02  Baja California,2 500 a 4 999 hab.,45 a 49 años,1119,900,496,404,219,110,109
217,Estados Unidos Mexicanos,02  Baja California,2 500 a 4 999 hab.,50 a 54 años,946,725,412,313,221,81,140
218,Estados Unidos Mexicanos,02  Baja California,2 500 a 4 999 hab.,55 a 59 años,747,576,337,239,171,78,93
219,Estados Unidos Mexicanos,02  Baja California,2 500 a 4 999 hab.,60 a 64 años,520,367,210,157,153,76,77
220,Estados Unidos Mexicanos,02  Baja California,2 500 a 4 999 hab.,65 y más años,1037,698,389,309,339,158,181
221,Estados Unidos Mexicanos,02  Baja California,5 000 a 9 999 hab.,Total,32418,29805,15128,14677,2613,1131,1482
222,Estados Unidos Mexicanos,02  Baja California,5 000 a 9 999 hab.,15 a 19 años,7127,6957,3557,3400,170,90,80
223,Estados Unidos Mexicanos,02  Baja California,5 000 a 9 999 hab.,20 a 24 años,5259,5069,2513,2556,190,78,112
224,Estados Unidos Mexicanos,02  Baja California,5 000 a 9 999 hab.,25 a 29 años,4024,3809,1836,1973,215,91,124
225,Estados Unidos Mexicanos,02  Baja California,5 000 a 9 999 hab.,30 a 34 años,3401,3181,1556,1625,220,111,109
226,Estados Unidos Mexicanos,02  Baja California,5 000 a 9 999 hab.,35 a 39 años,2762,2543,1275,1268,219,86,133
227,Estados Unidos Mexicanos,02  Baja California,5 000 a 9 999 hab.,40 a 44 años,2487,2252,1128,1124,235,96,139
228,Estados Unidos Mexicanos,02  Baja California,5 000 a 9 999 hab.,45 a 49 años,2101,1841,979,862,260,100,160
229,Estados Unidos Mexicanos,02  Baja California,5 000 a 9 999 hab.,50 a 54 años,1582,1325,697,628,257,106,151
230,Estados Unidos Mexicanos,02  Baja California,5 000 a 9 999 hab.,55 a 59 años,1156,954,556,398,202,98,104
231,Estados Unidos Mexicanos,02  Baja California,5 000 a 9 999 hab.,60 a 64 años,858,670,377,293,188,83,105
232,Estados Unidos Mexicanos,02  Baja California,5 000 a 9 999 hab.,65 y más años,1661,1204,654,550,457,192,265
233,Estados Unidos Mexicanos,02  Baja California,10 000 a 14 999 hab.,Total,0,0,0,0,0,0,0
234,Estados Unidos Mexicanos,02  Baja California,15 000 a 19 999 hab.,Total,0,0,0,0,0,0,0
235,Estados Unidos Mexicanos,02  Baja California,20 000 a 49 999 hab.,Total,13714,12884,6278,6606,830,328,502
236,Estados Unidos Mexicanos,02  Baja California,20 000 a 49 999 hab.,15 a 19 años,2852,2815,1356,1459,37,15,22
237,Estados Unidos Mexicanos,02  Baja California,20 000 a 49 999 hab.,20 a 24 años,2213,2162,1023,1139,51,20,31
238,Estados Unidos Mexicanos,02  Baja California,20 000 a 49 999 hab.,25 a 29 años,1675,1617,770,847,58,23,35
239,Estados Unidos Mexicanos,02  Baja California,20 000 a 49 999 hab.,30 a 34 años,1512,1452,714,738,60,22,38
240,Estados Unidos Mexicanos,02  Baja California,20 000 a 49 999 hab.,35 a 39 años,1223,1145,555,590,78,26,52
241,Estados Unidos Mexicanos,02  Baja California,20 000 a 49 999 hab.,40 a 44 años,944,867,408,459,77,34,43
242,Estados Unidos Mexicanos,02  Baja California,20 000 a 49 999 hab.,45 a 49 años,825,751,395,356,74,36,38
243,Estados Unidos Mexicanos,02  Baja California,20 000 a 49 999 hab.,50 a 54 años,662,588,282,306,74,21,53
244,Estados Unidos Mexicanos,02  Baja California,20 000 a 49 999 hab.,55 a 59 años,575,498,259,239,77,38,39
245,Estados Unidos Mexicanos,02  Baja California,20 000 a 49 999 hab.,60 a 64 años,391,330,183,147,61,22,39
246,Estados Unidos Mexicanos,02  Baja California,20 000 a 49 999 hab.,65 y más años,842,659,333,326,183,71,112
247,Estados Unidos Mexicanos,02  Baja California,50 000 a 99 999 hab.,Total,0,0,0,0,0,0,0
248,Estados Unidos Mexicanos,02  Baja California,100 000  y más hab.,Total,536319,507333,245863,261470,28986,10648,18338
249,Estados Unidos Mexicanos,02  Baja California,100 000  y más hab.,15 a 19 años,108949,107451,52399,55052,1498,729,769
250,Estados Unidos Mexicanos,02  Baja California,100 000  y más hab.,20 a 24 años,91548,89628,42176,47452,1920,798,1122
251,Estados Unidos Mexicanos,02  Baja California,100 000  y más hab.,25 a 29 años,69808,67782,31848,35934,2026,796,1230
252,Estados Unidos Mexicanos,02  Baja California,100 000  y más hab.,30 a 34 años,56247,53957,25925,28032,2290,854,1436
253,Estados Unidos Mexicanos,02  Baja California,100 000  y más hab.,35 a 39 años,46823,44351,21721,22630,2472,887,1585
254,Estados Unidos Mexicanos,02  Baja California,100 000  y más hab.,40 a 44 años,38280,35697,17683,18014,2583,892,1691
255,Estados Unidos Mexicanos,02  Baja California,100 000  y más hab.,45 a 49 años,33012,30229,14982,15247,2783,951,1832
256,Estados Unidos Mexicanos,02  Baja California,100 000  y más hab.,50 a 54 años,27366,24517,12471,12046,2849,987,1862
257,Estados Unidos Mexicanos,02  Baja California,100 000  y más hab.,55 a 59 años,21429,18856,9916,8940,2573,981,1592
258,Estados Unidos Mexicanos,02  Baja California,100 000  y más hab.,60 a 64 años,14970,12869,6501,6368,2101,763,1338
259,Estados Unidos Mexicanos,02  Baja California,100 000  y más hab.,65 y más años,27887,21996,10241,11755,5891,2010,3881
260,Estados Unidos Mexicanos,03  Baja California Sur,Total,Total,122210,113019,58177,54842,9191,4295,4896
261,Estados Unidos Mexicanos,03  Baja California Sur,Total,15 a 19 años,24767,23958,11958,12000,809,421,388
262,Estados Unidos Mexicanos,03  Baja California Sur,Total,20 a 24 años,21149,20297,10122,10175,852,402,450
263,Estados Unidos Mexicanos,03  Baja California Sur,Total,25 a 29 años,16802,15972,8194,7778,830,362,468
264,Estados Unidos Mexicanos,03  Baja California Sur,Total,30 a 34 años,13200,12408,6488,5920,792,338,454
265,Estados Unidos Mexicanos,03  Baja California Sur,Total,35 a 39 años,10898,10048,5259,4789,850,394,456
266,Estados Unidos Mexicanos,03  Baja California Sur,Total,40 a 44 años,8523,7813,4232,3581,710,326,384
267,Estados Unidos Mexicanos,03  Baja California Sur,Total,45 a 49 años,6942,6297,3430,2867,645,286,359
268,Estados Unidos Mexicanos,03  Baja California Sur,Total,50 a 54 años,5478,4721,2541,2180,757,369,388
269,Estados Unidos Mexicanos,03  Baja California Sur,Total,55 a 59 años,4236,3607,1950,1657,629,301,328
270,Estados Unidos Mexicanos,03  Baja California Sur,Total,60 a 64 años,3195,2636,1421,1215,559,286,273
271,Estados Unidos Mexicanos,03  Baja California Sur,Total,65 y más años,7020,5262,2582,2680,1758,810,948
272,Estados Unidos Mexicanos,03  Baja California Sur,1 a 2 499 hab.,Total,36297,31720,16882,14838,4577,2325,2252
273,Estados Unidos Mexicanos,03  Baja California Sur,1 a 2 499 hab.,15 a 19 años,6951,6522,3303,3219,429,223,206
274,Estados Unidos Mexicanos,03  Baja California Sur,1 a 2 499 hab.,20 a 24 años,5760,5376,2756,2620,384,200,184
275,Estados Unidos Mexicanos,03  Baja California Sur,1 a 2 499 hab.,25 a 29 años,4503,4107,2211,1896,396,169,227
276,Estados Unidos Mexicanos,03  Baja California Sur,1 a 2 499 hab.,30 a 34 años,3546,3175,1698,1477,371,167,204
277,Estados Unidos Mexicanos,03  Baja California Sur,1 a 2 499 hab.,35 a 39 años,3189,2781,1502,1279,408,200,208
278,Estados Unidos Mexicanos,03  Baja California Sur,1 a 2 499 hab.,40 a 44 años,2642,2294,1296,998,348,177,171
279,Estados Unidos Mexicanos,03  Baja California Sur,1 a 2 499 hab.,45 a 49 años,2259,1953,1099,854,306,160,146
280,Estados Unidos Mexicanos,03  Baja California Sur,1 a 2 499 hab.,50 a 54 años,1893,1534,850,684,359,192,167
281,Estados Unidos Mexicanos,03  Baja California Sur,1 a 2 499 hab.,55 a 59 años,1526,1204,686,518,322,183,139
282,Estados Unidos Mexicanos,03  Baja California Sur,1 a 2 499 hab.,60 a 64 años,1150,854,472,382,296,162,134
283,Estados Unidos Mexicanos,03  Baja California Sur,1 a 2 499 hab.,65 y más años,2878,1920,1009,911,958,492,466
284,Estados Unidos Mexicanos,03  Baja California Sur,2 500 a 4 999 hab.,Total,12067,11536,5879,5657,531,251,280
285,Estados Unidos Mexicanos,03  Baja California Sur,2 500 a 4 999 hab.,15 a 19 años,2454,2405,1179,1226,49,28,21
286,Estados Unidos Mexicanos,03  Baja California Sur,2 500 a 4 999 hab.,20 a 24 años,1842,1803,894,909,39,15,24
287,Estados Unidos Mexicanos,03  Baja California Sur,2 500 a 4 999 hab.,25 a 29 años,1636,1590,800,790,46,21,25
288,Estados Unidos Mexicanos,03  Baja California Sur,2 500 a 4 999 hab.,30 a 34 años,1463,1428,741,687,35,18,17
289,Estados Unidos Mexicanos,03  Baja California Sur,2 500 a 4 999 hab.,35 a 39 años,1142,1102,593,509,40,16,24
290,Estados Unidos Mexicanos,03  Baja California Sur,2 500 a 4 999 hab.,40 a 44 años,889,849,472,377,40,19,21
291,Estados Unidos Mexicanos,03  Baja California Sur,2 500 a 4 999 hab.,45 a 49 años,682,648,333,315,34,13,21
292,Estados Unidos Mexicanos,03  Baja California Sur,2 500 a 4 999 hab.,50 a 54 años,512,466,250,216,46,23,23
293,Estados Unidos Mexicanos,03  Baja California Sur,2 500 a 4 999 hab.,55 a 59 años,412,380,214,166,32,13,19
294,Estados Unidos Mexicanos,03  Baja California Sur,2 500 a 4 999 hab.,60 a 64 años,337,299,168,131,38,18,20
295,Estados Unidos Mexicanos,03  Baja California Sur,2 500 a 4 999 hab.,65 y más años,698,566,235,331,132,67,65
296,Estados Unidos Mexicanos,03  Baja California Sur,5 000 a 9 999 hab.,Total,7773,7292,3713,3579,481,205,276
297,Estados Unidos Mexicanos,03  Baja California Sur,5 000 a 9 999 hab.,15 a 19 años,1605,1568,819,749,37,20,17
298,Estados Unidos Mexicanos,03  Baja California Sur,5 000 a 9 999 hab.,20 a 24 años,1229,1178,552,626,51,17,34
299,Estados Unidos Mexicanos,03  Baja California Sur,5 000 a 9 999 hab.,25 a 29 años,960,920,434,486,40,22,18
300,Estados Unidos Mexicanos,03  Baja California Sur,5 000 a 9 999 hab.,30 a 34 años,788,753,371,382,35,15,20
301,Estados Unidos Mexicanos,03  Baja California Sur,5 000 a 9 999 hab.,35 a 39 años,665,614,323,291,51,24,27
302,Estados Unidos Mexicanos,03  Baja California Sur,5 000 a 9 999 hab.,40 a 44 años,593,547,287,260,46,21,25
303,Estados Unidos Mexicanos,03  Baja California Sur,5 000 a 9 999 hab.,45 a 49 años,485,457,248,209,28,8,20
304,Estados Unidos Mexicanos,03  Baja California Sur,5 000 a 9 999 hab.,50 a 54 años,422,378,206,172,44,15,29
305,Estados Unidos Mexicanos,03  Baja California Sur,5 000 a 9 999 hab.,55 a 59 años,290,255,146,109,35,16,19
306,Estados Unidos Mexicanos,03  Baja California Sur,5 000 a 9 999 hab.,60 a 64 años,222,186,103,83,36,20,16
307,Estados Unidos Mexicanos,03  Baja California Sur,5 000 a 9 999 hab.,65 y más años,514,436,224,212,78,27,51
308,Estados Unidos Mexicanos,03  Baja California Sur,10 000 a 14 999 hab.,Total,0,0,0,0,0,0,0
309,Estados Unidos Mexicanos,03  Baja California Sur,15 000 a 19 999 hab.,Total,0,0,0,0,0,0,0
310,Estados Unidos Mexicanos,03  Baja California Sur,20 000 a 49 999 hab.,Total,12722,11620,5936,5684,1102,468,634
311,Estados Unidos Mexicanos,03  Baja California Sur,20 000 a 49 999 hab.,15 a 19 años,2730,2650,1293,1357,80,42,38
312,Estados Unidos Mexicanos,03  Baja California Sur,20 000 a 49 999 hab.,20 a 24 años,2464,2337,1119,1218,127,47,80
313,Estados Unidos Mexicanos,03  Baja California Sur,20 000 a 49 999 hab.,25 a 29 años,1878,1762,893,869,116,46,70
314,Estados Unidos Mexicanos,03  Baja California Sur,20 000 a 49 999 hab.,30 a 34 años,1413,1292,671,621,121,47,74
315,Estados Unidos Mexicanos,03  Baja California Sur,20 000 a 49 999 hab.,35 a 39 años,1130,1025,521,504,105,46,59
316,Estados Unidos Mexicanos,03  Baja California Sur,20 000 a 49 999 hab.,40 a 44 años,908,806,428,378,102,40,62
317,Estados Unidos Mexicanos,03  Baja California Sur,20 000 a 49 999 hab.,45 a 49 años,668,559,329,230,109,45,64
318,Estados Unidos Mexicanos,03  Baja California Sur,20 000 a 49 999 hab.,50 a 54 años,484,391,231,160,93,48,45
319,Estados Unidos Mexicanos,03  Baja California Sur,20 000 a 49 999 hab.,55 a 59 años,360,291,161,130,69,33,36
320,Estados Unidos Mexicanos,03  Baja California Sur,20 000 a 49 999 hab.,60 a 64 años,219,177,106,71,42,16,26
321,Estados Unidos Mexicanos,03  Baja California Sur,20 000 a 49 999 hab.,65 y más años,468,330,184,146,138,58,80
322,Estados Unidos Mexicanos,03  Baja California Sur,50 000 a 99 999 hab.,Total,53351,50851,25767,25084,2500,1046,1454
323,Estados Unidos Mexicanos,03  Baja California Sur,50 000 a 99 999 hab.,15 a 19 años,11027,10813,5364,5449,214,108,106
324,Estados Unidos Mexicanos,03  Baja California Sur,50 000 a 99 999 hab.,20 a 24 años,9854,9603,4801,4802,251,123,128
325,Estados Unidos Mexicanos,03  Baja California Sur,50 000 a 99 999 hab.,25 a 29 años,7825,7593,3856,3737,232,104,128
326,Estados Unidos Mexicanos,03  Baja California Sur,50 000 a 99 999 hab.,30 a 34 años,5990,5760,3007,2753,230,91,139
327,Estados Unidos Mexicanos,03  Baja California Sur,50 000 a 99 999 hab.,35 a 39 años,4772,4526,2320,2206,246,108,138
328,Estados Unidos Mexicanos,03  Baja California Sur,50 000 a 99 999 hab.,40 a 44 años,3491,3317,1749,1568,174,69,105
329,Estados Unidos Mexicanos,03  Baja California Sur,50 000 a 99 999 hab.,45 a 49 años,2848,2680,1421,1259,168,60,108
330,Estados Unidos Mexicanos,03  Baja California Sur,50 000 a 99 999 hab.,50 a 54 años,2167,1952,1004,948,215,91,124
331,Estados Unidos Mexicanos,03  Baja California Sur,50 000 a 99 999 hab.,55 a 59 años,1648,1477,743,734,171,56,115
332,Estados Unidos Mexicanos,03  Baja California Sur,50 000 a 99 999 hab.,60 a 64 años,1267,1120,572,548,147,70,77
333,Estados Unidos Mexicanos,03  Baja California Sur,50 000 a 99 999 hab.,65 y más años,2462,2010,930,1080,452,166,286
334,Estados Unidos Mexicanos,03  Baja California Sur,100 000  y más hab.,Total,0,0,0,0,0,0,0
335,Estados Unidos Mexicanos,04  Campeche,Total,Total,235513,195442,101330,94112,40071,16335,23736
336,Estados Unidos Mexicanos,04  Campeche,Total,15 a 19 años,47154,43721,21613,22108,3433,1405,2028
337,Estados Unidos Mexicanos,04  Campeche,Total,20 a 24 años,36150,32246,15675,16571,3904,1438,2466
338,Estados Unidos Mexicanos,04  Campeche,Total,25 a 29 años,32569,27903,13706,14197,4666,1860,2806
339,Estados Unidos Mexicanos,04  Campeche,Total,30 a 34 años,25229,21539,11340,10199,3690,1512,2178
340,Estados Unidos Mexicanos,04  Campeche,Total,35 a 39 años,22357,18282,9675,8607,4075,1525,2550
341,Estados Unidos Mexicanos,04  Campeche,Total,40 a 44 años,17606,14182,7693,6489,3424,1335,2089
342,Estados Unidos Mexicanos,04  Campeche,Total,45 a 49 años,14316,10916,6088,4828,3400,1361,2039
343,Estados Unidos Mexicanos,04  Campeche,Total,50 a 54 años,11198,8072,4583,3489,3126,1259,1867
344,Estados Unidos Mexicanos,04  Campeche,Total,55 a 59 años,8401,6061,3523,2538,2340,997,1343
345,Estados Unidos Mexicanos,04  Campeche,Total,60 a 64 años,6798,4360,2618,1742,2438,1074,1364
346,Estados Unidos Mexicanos,04  Campeche,Total,65 y más años,13735,8160,4816,3344,5575,2569,3006
347,Estados Unidos Mexicanos,04  Campeche,1 a 2 499 hab.,Total,65445,46517,26742,19775,18928,8130,10798
348,Estados Unidos Mexicanos,04  Campeche,1 a 2 499 hab.,15 a 19 años,13834,11780,6053,5727,2054,909,1145
349,Estados Unidos Mexicanos,04  Campeche,1 a 2 499 hab.,20 a 24 años,10169,8134,4316,3818,2035,769,1266
350,Estados Unidos Mexicanos,04  Campeche,1 a 2 499 hab.,25 a 29 años,8630,6470,3555,2915,2160,779,1381
351,Estados Unidos Mexicanos,04  Campeche,1 a 2 499 hab.,30 a 34 años,6550,4705,2700,2005,1845,759,1086
352,Estados Unidos Mexicanos,04  Campeche,1 a 2 499 hab.,35 a 39 años,6485,4394,2599,1795,2091,788,1303
353,Estados Unidos Mexicanos,04  Campeche,1 a 2 499 hab.,40 a 44 años,4691,3064,1916,1148,1627,725,902
354,Estados Unidos Mexicanos,04  Campeche,1 a 2 499 hab.,45 a 49 años,4146,2512,1628,884,1634,687,947
355,Estados Unidos Mexicanos,04  Campeche,1 a 2 499 hab.,50 a 54 años,3154,1798,1258,540,1356,620,736
356,Estados Unidos Mexicanos,04  Campeche,1 a 2 499 hab.,55 a 59 años,2290,1283,909,374,1007,468,539
357,Estados Unidos Mexicanos,04  Campeche,1 a 2 499 hab.,60 a 64 años,1899,905,683,222,994,479,515
358,Estados Unidos Mexicanos,04  Campeche,1 a 2 499 hab.,65 y más años,3597,1472,1125,347,2125,1147,978
359,Estados Unidos Mexicanos,04  Campeche,2 500 a 4 999 hab.,Total,16952,12642,6909,5733,4310,1783,2527
360,Estados Unidos Mexicanos,04  Campeche,2 500 a 4 999 hab.,15 a 19 años,3423,3117,1589,1528,306,106,200
361,Estados Unidos Mexicanos,04  Campeche,2 500 a 4 999 hab.,20 a 24 años,2683,2340,1207,1133,343,129,214
362,Estados Unidos Mexicanos,04  Campeche,2 500 a 4 999 hab.,25 a 29 años,2136,1745,903,842,391,141,250
363,Estados Unidos Mexicanos,04  Campeche,2 500 a 4 999 hab.,30 a 34 años,1702,1279,712,567,423,171,252
364,Estados Unidos Mexicanos,04  Campeche,2 500 a 4 999 hab.,35 a 39 años,1481,1072,580,492,409,155,254
365,Estados Unidos Mexicanos,04  Campeche,2 500 a 4 999 hab.,40 a 44 años,1223,819,469,350,404,158,246
366,Estados Unidos Mexicanos,04  Campeche,2 500 a 4 999 hab.,45 a 49 años,1058,663,375,288,395,155,240
367,Estados Unidos Mexicanos,04  Campeche,2 500 a 4 999 hab.,50 a 54 años,923,520,329,191,403,150,253
368,Estados Unidos Mexicanos,04  Campeche,2 500 a 4 999 hab.,55 a 59 años,660,367,237,130,293,133,160
369,Estados Unidos Mexicanos,04  Campeche,2 500 a 4 999 hab.,60 a 64 años,575,279,201,78,296,159,137
370,Estados Unidos Mexicanos,04  Campeche,2 500 a 4 999 hab.,65 y más años,1088,441,307,134,647,326,321
371,Estados Unidos Mexicanos,04  Campeche,5 000 a 9 999 hab.,Total,22959,17910,9254,8656,5049,1998,3051
372,Estados Unidos Mexicanos,04  Campeche,5 000 a 9 999 hab.,15 a 19 años,4474,4160,2107,2053,314,95,219
373,Estados Unidos Mexicanos,04  Campeche,5 000 a 9 999 hab.,20 a 24 años,3287,2922,1421,1501,365,136,229
374,Estados Unidos Mexicanos,04  Campeche,5 000 a 9 999 hab.,25 a 29 años,2608,2176,1109,1067,432,160,272
375,Estados Unidos Mexicanos,04  Campeche,5 000 a 9 999 hab.,30 a 34 años,2188,1791,896,895,397,142,255
376,Estados Unidos Mexicanos,04  Campeche,5 000 a 9 999 hab.,35 a 39 años,2050,1576,796,780,474,177,297
377,Estados Unidos Mexicanos,04  Campeche,5 000 a 9 999 hab.,40 a 44 años,1696,1249,646,603,447,157,290
378,Estados Unidos Mexicanos,04  Campeche,5 000 a 9 999 hab.,45 a 49 años,1482,1010,539,471,472,183,289
379,Estados Unidos Mexicanos,04  Campeche,5 000 a 9 999 hab.,50 a 54 años,1283,831,444,387,452,202,250
380,Estados Unidos Mexicanos,04  Campeche,5 000 a 9 999 hab.,55 a 59 años,1008,672,363,309,336,145,191
381,Estados Unidos Mexicanos,04  Campeche,5 000 a 9 999 hab.,60 a 64 años,988,544,319,225,444,177,267
382,Estados Unidos Mexicanos,04  Campeche,5 000 a 9 999 hab.,65 y más años,1895,979,614,365,916,424,492
383,Estados Unidos Mexicanos,04  Campeche,10 000 a 14 999 hab.,Total,12001,10035,5340,4695,1966,776,1190
384,Estados Unidos Mexicanos,04  Campeche,10 000 a 14 999 hab.,15 a 19 años,2440,2233,1142,1091,207,94,113
385,Estados Unidos Mexicanos,04  Campeche,10 000 a 14 999 hab.,20 a 24 años,1940,1731,822,909,209,92,117
386,Estados Unidos Mexicanos,04  Campeche,10 000 a 14 999 hab.,25 a 29 años,1619,1418,687,731,201,79,122
387,Estados Unidos Mexicanos,04  Campeche,10 000 a 14 999 hab.,30 a 34 años,1239,1046,566,480,193,89,104
388,Estados Unidos Mexicanos,04  Campeche,10 000 a 14 999 hab.,35 a 39 años,1108,890,495,395,218,72,146
389,Estados Unidos Mexicanos,04  Campeche,10 000 a 14 999 hab.,40 a 44 años,909,736,406,330,173,69,104
390,Estados Unidos Mexicanos,04  Campeche,10 000 a 14 999 hab.,45 a 49 años,769,599,347,252,170,60,110
391,Estados Unidos Mexicanos,04  Campeche,10 000 a 14 999 hab.,50 a 54 años,586,431,269,162,155,43,112
392,Estados Unidos Mexicanos,04  Campeche,10 000 a 14 999 hab.,55 a 59 años,404,306,187,119,98,34,64
393,Estados Unidos Mexicanos,04  Campeche,10 000 a 14 999 hab.,60 a 64 años,335,224,150,74,111,48,63
394,Estados Unidos Mexicanos,04  Campeche,10 000 a 14 999 hab.,65 y más años,652,421,269,152,231,96,135
395,Estados Unidos Mexicanos,04  Campeche,15 000 a 19 999 hab.,Total,0,0,0,0,0,0,0
396,Estados Unidos Mexicanos,04  Campeche,20 000 a 49 999 hab.,Total,0,0,0,0,0,0,0
397,Estados Unidos Mexicanos,04  Campeche,50 000 a 99 999 hab.,Total,40824,37247,18243,19004,3577,1399,2178
398,Estados Unidos Mexicanos,04  Campeche,50 000 a 99 999 hab.,15 a 19 años,7977,7747,3655,4092,230,75,155
399,Estados Unidos Mexicanos,04  Campeche,50 000 a 99 999 hab.,20 a 24 años,6281,5875,2592,3283,406,123,283
400,Estados Unidos Mexicanos,04  Campeche,50 000 a 99 999 hab.,25 a 29 años,6161,5485,2525,2960,676,356,320
401,Estados Unidos Mexicanos,04  Campeche,50 000 a 99 999 hab.,30 a 34 años,4997,4620,2400,2220,377,159,218
402,Estados Unidos Mexicanos,04  Campeche,50 000 a 99 999 hab.,35 a 39 años,4164,3782,1851,1931,382,165,217
403,Estados Unidos Mexicanos,04  Campeche,50 000 a 99 999 hab.,40 a 44 años,3683,3400,1806,1594,283,95,188
404,Estados Unidos Mexicanos,04  Campeche,50 000 a 99 999 hab.,45 a 49 años,2173,1945,1063,882,228,90,138
405,Estados Unidos Mexicanos,04  Campeche,50 000 a 99 999 hab.,50 a 54 años,1638,1405,748,657,233,80,153
406,Estados Unidos Mexicanos,04  Campeche,50 000 a 99 999 hab.,55 a 59 años,1137,970,539,431,167,60,107
407,Estados Unidos Mexicanos,04  Campeche,50 000 a 99 999 hab.,60 a 64 años,869,694,381,313,175,55,120
408,Estados Unidos Mexicanos,04  Campeche,50 000 a 99 999 hab.,65 y más años,1744,1324,683,641,420,141,279
409,Estados Unidos Mexicanos,04  Campeche,100 000  y más hab.,Total,77332,71091,34842,36249,6241,2249,3992
410,Estados Unidos Mexicanos,04  Campeche,100 000  y más hab.,15 a 19 años,15006,14684,7067,7617,322,126,196
411,Estados Unidos Mexicanos,04  Campeche,100 000  y más hab.,20 a 24 años,11790,11244,5317,5927,546,189,357
412,Estados Unidos Mexicanos,04  Campeche,100 000  y más hab.,25 a 29 años,11415,10609,4927,5682,806,345,461
413,Estados Unidos Mexicanos,04  Campeche,100 000  y más hab.,30 a 34 años,8553,8098,4066,4032,455,192,263
414,Estados Unidos Mexicanos,04  Campeche,100 000  y más hab.,35 a 39 años,7069,6568,3354,3214,501,168,333
415,Estados Unidos Mexicanos,04  Campeche,100 000  y más hab.,40 a 44 años,5404,4914,2450,2464,490,131,359
416,Estados Unidos Mexicanos,04  Campeche,100 000  y más hab.,45 a 49 años,4688,4187,2136,2051,501,186,315
417,Estados Unidos Mexicanos,04  Campeche,100 000  y más hab.,50 a 54 años,3614,3087,1535,1552,527,164,363
418,Estados Unidos Mexicanos,04  Campeche,100 000  y más hab.,55 a 59 años,2902,2463,1288,1175,439,157,282
419,Estados Unidos Mexicanos,04  Campeche,100 000  y más hab.,60 a 64 años,2132,1714,884,830,418,156,262
420,Estados Unidos Mexicanos,04  Campeche,100 000  y más hab.,65 y más años,4759,3523,1818,1705,1236,435,801
421,Estados Unidos Mexicanos,05  Coahuila,Total,Total,885485,815426,406545,408881,70059,30121,39938
422,Estados Unidos Mexicanos,05  Coahuila,Total,15 a 19 años,181400,176401,87871,88530,4999,2711,2288
423,Estados Unidos Mexicanos,05  Coahuila,Total,20 a 24 años,143531,138661,67969,70692,4870,2268,2602
424,Estados Unidos Mexicanos,05  Coahuila,Total,25 a 29 años,109199,104436,51221,53215,4763,2144,2619
425,Estados Unidos Mexicanos,05  Coahuila,Total,30 a 34 años,90900,85568,42410,43158,5332,2353,2979
426,Estados Unidos Mexicanos,05  Coahuila,Total,35 a 39 años,78515,72366,36148,36218,6149,2533,3616
427,Estados Unidos Mexicanos,05  Coahuila,Total,40 a 44 años,65492,59226,29863,29363,6266,2595,3671
428,Estados Unidos Mexicanos,05  Coahuila,Total,45 a 49 años,53462,47361,23891,23470,6101,2500,3601
429,Estados Unidos Mexicanos,05  Coahuila,Total,50 a 54 años,44457,38613,19391,19222,5844,2328,3516
430,Estados Unidos Mexicanos,05  Coahuila,Total,55 a 59 años,34525,29411,15456,13955,5114,2068,3046
431,Estados Unidos Mexicanos,05  Coahuila,Total,60 a 64 años,25128,20573,10640,9933,4555,1832,2723
432,Estados Unidos Mexicanos,05  Coahuila,Total,65 y más años,58876,42810,21685,21125,16066,6789,9277
433,Estados Unidos Mexicanos,05  Coahuila,1 a 2 499 hab.,Total,185811,158529,85374,73155,27282,13437,13845
434,Estados Unidos Mexicanos,05  Coahuila,1 a 2 499 hab.,15 a 19 años,38487,36281,19135,17146,2206,1248,958
435,Estados Unidos Mexicanos,05  Coahuila,1 a 2 499 hab.,20 a 24 años,27772,25845,13448,12397,1927,936,991
436,Estados Unidos Mexicanos,05  Coahuila,1 a 2 499 hab.,25 a 29 años,20961,19115,9910,9205,1846,906,940
437,Estados Unidos Mexicanos,05  Coahuila,1 a 2 499 hab.,30 a 34 años,18154,16025,8367,7658,2129,1077,1052
438,Estados Unidos Mexicanos,05  Coahuila,1 a 2 499 hab.,35 a 39 años,17201,14587,7823,6764,2614,1249,1365
439,Estados Unidos Mexicanos,05  Coahuila,1 a 2 499 hab.,40 a 44 años,14533,11994,6620,5374,2539,1231,1308
440,Estados Unidos Mexicanos,05  Coahuila,1 a 2 499 hab.,45 a 49 años,11775,9390,5236,4154,2385,1124,1261
441,Estados Unidos Mexicanos,05  Coahuila,1 a 2 499 hab.,50 a 54 años,9749,7541,4157,3384,2208,1024,1184
442,Estados Unidos Mexicanos,05  Coahuila,1 a 2 499 hab.,55 a 59 años,7720,5784,3391,2393,1936,937,999
443,Estados Unidos Mexicanos,05  Coahuila,1 a 2 499 hab.,60 a 64 años,5801,4121,2428,1693,1680,787,893
444,Estados Unidos Mexicanos,05  Coahuila,1 a 2 499 hab.,65 y más años,13658,7846,4859,2987,5812,2918,2894
445,Estados Unidos Mexicanos,05  Coahuila,2 500 a 4 999 hab.,Total,22980,20657,10540,10117,2323,1089,1234
446,Estados Unidos Mexicanos,05  Coahuila,2 500 a 4 999 hab.,15 a 19 años,4764,4610,2306,2304,154,98,56
447,Estados Unidos Mexicanos,05  Coahuila,2 500 a 4 999 hab.,20 a 24 años,3553,3395,1706,1689,158,94,64
448,Estados Unidos Mexicanos,05  Coahuila,2 500 a 4 999 hab.,25 a 29 años,2558,2401,1212,1189,157,77,80
449,Estados Unidos Mexicanos,05  Coahuila,2 500 a 4 999 hab.,30 a 34 años,2238,2087,1038,1049,151,62,89
450,Estados Unidos Mexicanos,05  Coahuila,2 500 a 4 999 hab.,35 a 39 años,1892,1736,874,862,156,57,99
451,Estados Unidos Mexicanos,05  Coahuila,2 500 a 4 999 hab.,40 a 44 años,1748,1527,787,740,221,99,122
452,Estados Unidos Mexicanos,05  Coahuila,2 500 a 4 999 hab.,45 a 49 años,1443,1227,644,583,216,94,122
453,Estados Unidos Mexicanos,05  Coahuila,2 500 a 4 999 hab.,50 a 54 años,1287,1082,578,504,205,84,121
454,Estados Unidos Mexicanos,05  Coahuila,2 500 a 4 999 hab.,55 a 59 años,875,714,384,330,161,74,87
455,Estados Unidos Mexicanos,05  Coahuila,2 500 a 4 999 hab.,60 a 64 años,720,559,303,256,161,67,94
456,Estados Unidos Mexicanos,05  Coahuila,2 500 a 4 999 hab.,65 y más años,1902,1319,708,611,583,283,300
457,Estados Unidos Mexicanos,05  Coahuila,5 000 a 9 999 hab.,Total,34937,32250,16349,15901,2687,1118,1569
458,Estados Unidos Mexicanos,05  Coahuila,5 000 a 9 999 hab.,15 a 19 años,7198,7026,3652,3374,172,82,90
459,Estados Unidos Mexicanos,05  Coahuila,5 000 a 9 999 hab.,20 a 24 años,5529,5368,2597,2771,161,70,91
460,Estados Unidos Mexicanos,05  Coahuila,5 000 a 9 999 hab.,25 a 29 años,4080,3931,2018,1913,149,65,84
461,Estados Unidos Mexicanos,05  Coahuila,5 000 a 9 999 hab.,30 a 34 años,3466,3294,1628,1666,172,76,96
462,Estados Unidos Mexicanos,05  Coahuila,5 000 a 9 999 hab.,35 a 39 años,3116,2929,1430,1499,187,74,113
463,Estados Unidos Mexicanos,05  Coahuila,5 000 a 9 999 hab.,40 a 44 años,2610,2377,1191,1186,233,93,140
464,Estados Unidos Mexicanos,05  Coahuila,5 000 a 9 999 hab.,45 a 49 años,2181,1919,1015,904,262,111,151
465,Estados Unidos Mexicanos,05  Coahuila,5 000 a 9 999 hab.,50 a 54 años,1749,1502,758,744,247,99,148
466,Estados Unidos Mexicanos,05  Coahuila,5 000 a 9 999 hab.,55 a 59 años,1372,1152,602,550,220,87,133
467,Estados Unidos Mexicanos,05  Coahuila,5 000 a 9 999 hab.,60 a 64 años,1070,868,448,420,202,77,125
468,Estados Unidos Mexicanos,05  Coahuila,5 000 a 9 999 hab.,65 y más años,2566,1884,1010,874,682,284,398
469,Estados Unidos Mexicanos,05  Coahuila,10 000 a 14 999 hab.,Total,28063,26351,13202,13149,1712,649,1063
470,Estados Unidos Mexicanos,05  Coahuila,10 000 a 14 999 hab.,15 a 19 años,5836,5709,2861,2848,127,55,72
471,Estados Unidos Mexicanos,05  Coahuila,10 000 a 14 999 hab.,20 a 24 años,4493,4385,2163,2222,108,54,54
472,Estados Unidos Mexicanos,05  Coahuila,10 000 a 14 999 hab.,25 a 29 años,3387,3265,1676,1589,122,56,66
473,Estados Unidos Mexicanos,05  Coahuila,10 000 a 14 999 hab.,30 a 34 años,2814,2703,1327,1376,111,40,71
474,Estados Unidos Mexicanos,05  Coahuila,10 000 a 14 999 hab.,35 a 39 años,2456,2309,1158,1151,147,45,102
475,Estados Unidos Mexicanos,05  Coahuila,10 000 a 14 999 hab.,40 a 44 años,2123,1972,939,1033,151,48,103
476,Estados Unidos Mexicanos,05  Coahuila,10 000 a 14 999 hab.,45 a 49 años,1687,1557,782,775,130,53,77
477,Estados Unidos Mexicanos,05  Coahuila,10 000 a 14 999 hab.,50 a 54 años,1441,1313,663,650,128,45,83
478,Estados Unidos Mexicanos,05  Coahuila,10 000 a 14 999 hab.,55 a 59 años,1051,932,493,439,119,44,75
479,Estados Unidos Mexicanos,05  Coahuila,10 000 a 14 999 hab.,60 a 64 años,755,639,343,296,116,39,77
480,Estados Unidos Mexicanos,05  Coahuila,10 000 a 14 999 hab.,65 y más años,2020,1567,797,770,453,170,283
481,Estados Unidos Mexicanos,05  Coahuila,15 000 a 19 999 hab.,Total,8746,7971,4012,3959,775,298,477
482,Estados Unidos Mexicanos,05  Coahuila,15 000 a 19 999 hab.,15 a 19 años,1965,1898,975,923,67,34,33
483,Estados Unidos Mexicanos,05  Coahuila,15 000 a 19 999 hab.,20 a 24 años,1424,1359,673,686,65,29,36
484,Estados Unidos Mexicanos,05  Coahuila,15 000 a 19 999 hab.,25 a 29 años,1061,987,481,506,74,39,35
485,Estados Unidos Mexicanos,05  Coahuila,15 000 a 19 999 hab.,30 a 34 años,826,770,379,391,56,23,33
486,Estados Unidos Mexicanos,05  Coahuila,15 000 a 19 999 hab.,35 a 39 años,765,699,327,372,66,21,45
487,Estados Unidos Mexicanos,05  Coahuila,15 000 a 19 999 hab.,40 a 44 años,669,596,294,302,73,22,51
488,Estados Unidos Mexicanos,05  Coahuila,15 000 a 19 999 hab.,45 a 49 años,508,452,219,233,56,18,38
489,Estados Unidos Mexicanos,05  Coahuila,15 000 a 19 999 hab.,50 a 54 años,427,369,189,180,58,19,39
490,Estados Unidos Mexicanos,05  Coahuila,15 000 a 19 999 hab.,55 a 59 años,302,259,154,105,43,14,29
491,Estados Unidos Mexicanos,05  Coahuila,15 000 a 19 999 hab.,60 a 64 años,218,166,94,72,52,19,33
492,Estados Unidos Mexicanos,05  Coahuila,15 000 a 19 999 hab.,65 y más años,581,416,227,189,165,60,105
493,Estados Unidos Mexicanos,05  Coahuila,20 000 a 49 999 hab.,Total,138991,128726,63045,65681,10265,4112,6153
494,Estados Unidos Mexicanos,05  Coahuila,20 000 a 49 999 hab.,15 a 19 años,28204,27523,13480,14043,681,388,293
495,Estados Unidos Mexicanos,05  Coahuila,20 000 a 49 999 hab.,20 a 24 años,21252,20566,9742,10824,686,315,371
496,Estados Unidos Mexicanos,05  Coahuila,20 000 a 49 999 hab.,25 a 29 años,16413,15744,7528,8216,669,284,385
497,Estados Unidos Mexicanos,05  Coahuila,20 000 a 49 999 hab.,30 a 34 años,13920,13150,6441,6709,770,314,456
498,Estados Unidos Mexicanos,05  Coahuila,20 000 a 49 999 hab.,35 a 39 años,12194,11344,5504,5840,850,319,531
499,Estados Unidos Mexicanos,05  Coahuila,20 000 a 49 999 hab.,40 a 44 años,10693,9815,4862,4953,878,338,540
500,Estados Unidos Mexicanos,05  Coahuila,20 000 a 49 999 hab.,45 a 49 años,8774,7929,3921,4008,845,323,522
501,Estados Unidos Mexicanos,05  Coahuila,20 000 a 49 999 hab.,50 a 54 años,7550,6624,3337,3287,926,344,582
502,Estados Unidos Mexicanos,05  Coahuila,20 000 a 49 999 hab.,55 a 59 años,5948,5145,2678,2467,803,300,503
503,Estados Unidos Mexicanos,05  Coahuila,20 000 a 49 999 hab.,60 a 64 años,4264,3557,1799,1758,707,243,464
504,Estados Unidos Mexicanos,05  Coahuila,20 000 a 49 999 hab.,65 y más años,9779,7329,3753,3576,2450,944,1506
505,Estados Unidos Mexicanos,05  Coahuila,50 000 a 99 999 hab.,Total,40519,38293,18298,19995,2226,838,1388
506,Estados Unidos Mexicanos,05  Coahuila,50 000 a 99 999 hab.,15 a 19 años,7969,7851,3699,4152,118,61,57
507,Estados Unidos Mexicanos,05  Coahuila,50 000 a 99 999 hab.,20 a 24 años,6364,6210,2882,3328,154,71,83
508,Estados Unidos Mexicanos,05  Coahuila,50 000 a 99 999 hab.,25 a 29 años,5043,4902,2305,2597,141,55,86
509,Estados Unidos Mexicanos,05  Coahuila,50 000 a 99 999 hab.,30 a 34 años,4080,3933,1907,2026,147,58,89
510,Estados Unidos Mexicanos,05  Coahuila,50 000 a 99 999 hab.,35 a 39 años,3535,3371,1623,1748,164,53,111
511,Estados Unidos Mexicanos,05  Coahuila,50 000 a 99 999 hab.,40 a 44 años,3008,2795,1369,1426,213,76,137
512,Estados Unidos Mexicanos,05  Coahuila,50 000 a 99 999 hab.,45 a 49 años,2491,2273,1141,1132,218,77,141
513,Estados Unidos Mexicanos,05  Coahuila,50 000 a 99 999 hab.,50 a 54 años,2184,1973,980,993,211,82,129
514,Estados Unidos Mexicanos,05  Coahuila,50 000 a 99 999 hab.,55 a 59 años,1709,1538,739,799,171,59,112
515,Estados Unidos Mexicanos,05  Coahuila,50 000 a 99 999 hab.,60 a 64 años,1203,1045,518,527,158,62,96
516,Estados Unidos Mexicanos,05  Coahuila,50 000 a 99 999 hab.,65 y más años,2933,2402,1135,1267,531,184,347
517,Estados Unidos Mexicanos,05  Coahuila,100 000  y más hab.,Total,425438,402649,195725,206924,22789,8580,14209
518,Estados Unidos Mexicanos,05  Coahuila,100 000  y más hab.,15 a 19 años,86977,85503,41763,43740,1474,745,729
519,Estados Unidos Mexicanos,05  Coahuila,100 000  y más hab.,20 a 24 años,73144,71533,34758,36775,1611,699,912
520,Estados Unidos Mexicanos,05  Coahuila,100 000  y más hab.,25 a 29 años,55696,54091,26091,28000,1605,662,943
521,Estados Unidos Mexicanos,05  Coahuila,100 000  y más hab.,30 a 34 años,45402,43606,21323,22283,1796,703,1093
522,Estados Unidos Mexicanos,05  Coahuila,100 000  y más hab.,35 a 39 años,37356,35391,17409,17982,1965,715,1250
523,Estados Unidos Mexicanos,05  Coahuila,100 000  y más hab.,40 a 44 años,30108,28150,13801,14349,1958,688,1270
524,Estados Unidos Mexicanos,05  Coahuila,100 000  y más hab.,45 a 49 años,24603,22614,10933,11681,1989,700,1289
525,Estados Unidos Mexicanos,05  Coahuila,100 000  y más hab.,50 a 54 años,20070,18209,8729,9480,1861,631,1230
526,Estados Unidos Mexicanos,05  Coahuila,100 000  y más hab.,55 a 59 años,15548,13887,7015,6872,1661,553,1108
527,Estados Unidos Mexicanos,05  Coahuila,100 000  y más hab.,60 a 64 años,11097,9618,4707,4911,1479,538,941
528,Estados Unidos Mexicanos,05  Coahuila,100 000  y más hab.,65 y más años,25437,20047,9196,10851,5390,1946,3444
529,Estados Unidos Mexicanos,06  Colima,Total,Total,194084,169129,84091,85038,24955,11472,13483
530,Estados Unidos Mexicanos,06  Colima,Total,15 a 19 años,41288,39507,19405,20102,1781,951,830
531,Estados Unidos Mexicanos,06  Colima,Total,20 a 24 años,31519,29565,14369,15196,1954,920,1034
532,Estados Unidos Mexicanos,06  Colima,Total,25 a 29 años,24037,22053,10758,11295,1984,906,1078
533,Estados Unidos Mexicanos,06  Colima,Total,30 a 34 años,19367,17486,8706,8780,1881,875,1006
534,Estados Unidos Mexicanos,06  Colima,Total,35 a 39 años,17208,14973,7523,7450,2235,1000,1235
535,Estados Unidos Mexicanos,06  Colima,Total,40 a 44 años,13342,11191,5746,5445,2151,888,1263
536,Estados Unidos Mexicanos,06  Colima,Total,45 a 49 años,11144,8934,4645,4289,2210,981,1229
537,Estados Unidos Mexicanos,06  Colima,Total,50 a 54 años,8769,6622,3469,3153,2147,937,1210
538,Estados Unidos Mexicanos,06  Colima,Total,55 a 59 años,7567,5634,2934,2700,1933,912,1021
539,Estados Unidos Mexicanos,06  Colima,Total,60 a 64 años,6383,4515,2299,2216,1868,890,978
540,Estados Unidos Mexicanos,06  Colima,Total,65 y más años,13460,8649,4237,4412,4811,2212,2599
541,Estados Unidos Mexicanos,06  Colima,1 a 2 499 hab.,Total,46115,37721,19704,18017,8394,4178,4216
542,Estados Unidos Mexicanos,06  Colima,1 a 2 499 hab.,15 a 19 años,9932,9283,4654,4629,649,378,271
543,Estados Unidos Mexicanos,06  Colima,1 a 2 499 hab.,20 a 24 años,6950,6315,3246,3069,635,317,318
544,Estados Unidos Mexicanos,06  Colima,1 a 2 499 hab.,25 a 29 años,5475,4809,2476,2333,666,304,362
545,Estados Unidos Mexicanos,06  Colima,1 a 2 499 hab.,30 a 34 años,4376,3775,1945,1830,601,298,303
546,Estados Unidos Mexicanos,06  Colima,1 a 2 499 hab.,35 a 39 años,4161,3410,1783,1627,751,345,406
547,Estados Unidos Mexicanos,06  Colima,1 a 2 499 hab.,40 a 44 años,3332,2604,1404,1200,728,346,382
548,Estados Unidos Mexicanos,06  Colima,1 a 2 499 hab.,45 a 49 años,2749,1989,1079,910,760,359,401
549,Estados Unidos Mexicanos,06  Colima,1 a 2 499 hab.,50 a 54 años,2222,1520,853,667,702,346,356
550,Estados Unidos Mexicanos,06  Colima,1 a 2 499 hab.,55 a 59 años,1873,1213,672,541,660,347,313
551,Estados Unidos Mexicanos,06  Colima,1 a 2 499 hab.,60 a 64 años,1651,1020,568,452,631,329,302
552,Estados Unidos Mexicanos,06  Colima,1 a 2 499 hab.,65 y más años,3394,1783,1024,759,1611,809,802
553,Estados Unidos Mexicanos,06  Colima,2 500 a 4 999 hab.,Total,11483,9474,4841,4633,2009,964,1045
554,Estados Unidos Mexicanos,06  Colima,2 500 a 4 999 hab.,15 a 19 años,2597,2463,1226,1237,134,68,66
555,Estados Unidos Mexicanos,06  Colima,2 500 a 4 999 hab.,20 a 24 años,1874,1719,853,866,155,91,64
556,Estados Unidos Mexicanos,06  Colima,2 500 a 4 999 hab.,25 a 29 años,1196,1070,554,516,126,66,60
557,Estados Unidos Mexicanos,06  Colima,2 500 a 4 999 hab.,30 a 34 años,1050,917,455,462,133,64,69
558,Estados Unidos Mexicanos,06  Colima,2 500 a 4 999 hab.,35 a 39 años,988,806,399,407,182,74,108
559,Estados Unidos Mexicanos,06  Colima,2 500 a 4 999 hab.,40 a 44 años,794,593,320,273,201,84,117
560,Estados Unidos Mexicanos,06  Colima,2 500 a 4 999 hab.,45 a 49 años,705,500,269,231,205,104,101
561,Estados Unidos Mexicanos,06  Colima,2 500 a 4 999 hab.,50 a 54 años,567,378,207,171,189,75,114
562,Estados Unidos Mexicanos,06  Colima,2 500 a 4 999 hab.,55 a 59 años,460,300,177,123,160,72,88
563,Estados Unidos Mexicanos,06  Colima,2 500 a 4 999 hab.,60 a 64 años,424,265,129,136,159,81,78
564,Estados Unidos Mexicanos,06  Colima,2 500 a 4 999 hab.,65 y más años,828,463,252,211,365,185,180
565,Estados Unidos Mexicanos,06  Colima,5 000 a 9 999 hab.,Total,19730,17415,8687,8728,2315,1105,1210
566,Estados Unidos Mexicanos,06  Colima,5 000 a 9 999 hab.,15 a 19 años,4343,4221,2085,2136,122,64,58
567,Estados Unidos Mexicanos,06  Colima,5 000 a 9 999 hab.,20 a 24 años,3234,3060,1511,1549,174,71,103
568,Estados Unidos Mexicanos,06  Colima,5 000 a 9 999 hab.,25 a 29 años,2296,2140,1053,1087,156,79,77
569,Estados Unidos Mexicanos,06  Colima,5 000 a 9 999 hab.,30 a 34 años,1848,1703,840,863,145,72,73
570,Estados Unidos Mexicanos,06  Colima,5 000 a 9 999 hab.,35 a 39 años,1711,1501,784,717,210,110,100
571,Estados Unidos Mexicanos,06  Colima,5 000 a 9 999 hab.,40 a 44 años,1325,1141,550,591,184,78,106
572,Estados Unidos Mexicanos,06  Colima,5 000 a 9 999 hab.,45 a 49 años,1169,969,510,459,200,80,120
573,Estados Unidos Mexicanos,06  Colima,5 000 a 9 999 hab.,50 a 54 años,854,636,326,310,218,101,117
574,Estados Unidos Mexicanos,06  Colima,5 000 a 9 999 hab.,55 a 59 años,856,643,334,309,213,113,100
575,Estados Unidos Mexicanos,06  Colima,5 000 a 9 999 hab.,60 a 64 años,626,428,215,213,198,97,101
576,Estados Unidos Mexicanos,06  Colima,5 000 a 9 999 hab.,65 y más años,1468,973,479,494,495,240,255
577,Estados Unidos Mexicanos,06  Colima,10 000 a 14 999 hab.,Total,7220,6168,3132,3036,1052,453,599
578,Estados Unidos Mexicanos,06  Colima,10 000 a 14 999 hab.,15 a 19 años,1555,1465,758,707,90,50,40
579,Estados Unidos Mexicanos,06  Colima,10 000 a 14 999 hab.,20 a 24 años,1191,1104,540,564,87,40,47
580,Estados Unidos Mexicanos,06  Colima,10 000 a 14 999 hab.,25 a 29 años,809,729,369,360,80,37,43
581,Estados Unidos Mexicanos,06  Colima,10 000 a 14 999 hab.,30 a 34 años,748,655,335,320,93,46,47
582,Estados Unidos Mexicanos,06  Colima,10 000 a 14 999 hab.,35 a 39 años,617,532,265,267,85,35,50
583,Estados Unidos Mexicanos,06  Colima,10 000 a 14 999 hab.,40 a 44 años,464,373,195,178,91,28,63
584,Estados Unidos Mexicanos,06  Colima,10 000 a 14 999 hab.,45 a 49 años,426,337,169,168,89,32,57
585,Estados Unidos Mexicanos,06  Colima,10 000 a 14 999 hab.,50 a 54 años,363,284,142,142,79,32,47
586,Estados Unidos Mexicanos,06  Colima,10 000 a 14 999 hab.,55 a 59 años,279,201,113,88,78,31,47
587,Estados Unidos Mexicanos,06  Colima,10 000 a 14 999 hab.,60 a 64 años,267,174,91,83,93,39,54
588,Estados Unidos Mexicanos,06  Colima,10 000 a 14 999 hab.,65 y más años,501,314,155,159,187,83,104
589,Estados Unidos Mexicanos,06  Colima,15 000 a 19 999 hab.,Total,9770,8905,4264,4641,865,395,470
590,Estados Unidos Mexicanos,06  Colima,15 000 a 19 999 hab.,15 a 19 años,2178,2133,1044,1089,45,24,21
591,Estados Unidos Mexicanos,06  Colima,15 000 a 19 999 hab.,20 a 24 años,1582,1525,669,856,57,26,31
592,Estados Unidos Mexicanos,06  Colima,15 000 a 19 999 hab.,25 a 29 años,1227,1159,553,606,68,24,44
593,Estados Unidos Mexicanos,06  Colima,15 000 a 19 999 hab.,30 a 34 años,993,920,468,452,73,33,40
594,Estados Unidos Mexicanos,06  Colima,15 000 a 19 999 hab.,35 a 39 años,895,800,369,431,95,43,52
595,Estados Unidos Mexicanos,06  Colima,15 000 a 19 999 hab.,40 a 44 años,648,575,279,296,73,26,47
596,Estados Unidos Mexicanos,06  Colima,15 000 a 19 999 hab.,45 a 49 años,526,454,242,212,72,37,35
597,Estados Unidos Mexicanos,06  Colima,15 000 a 19 999 hab.,50 a 54 años,437,353,174,179,84,42,42
598,Estados Unidos Mexicanos,06  Colima,15 000 a 19 999 hab.,55 a 59 años,345,291,147,144,54,29,25
599,Estados Unidos Mexicanos,06  Colima,15 000 a 19 999 hab.,60 a 64 años,304,240,125,115,64,33,31
600,Estados Unidos Mexicanos,06  Colima,15 000 a 19 999 hab.,65 y más años,635,455,194,261,180,78,102
601,Estados Unidos Mexicanos,06  Colima,20 000 a 49 999 hab.,Total,48571,42494,21550,20944,6077,2726,3351
602,Estados Unidos Mexicanos,06  Colima,20 000 a 49 999 hab.,15 a 19 años,10012,9493,4737,4756,519,262,257
603,Estados Unidos Mexicanos,06  Colima,20 000 a 49 999 hab.,20 a 24 años,8494,7942,3984,3958,552,259,293
604,Estados Unidos Mexicanos,06  Colima,20 000 a 49 999 hab.,25 a 29 años,6505,5940,2894,3046,565,273,292
605,Estados Unidos Mexicanos,06  Colima,20 000 a 49 999 hab.,30 a 34 años,5068,4512,2260,2252,556,239,317
606,Estados Unidos Mexicanos,06  Colima,20 000 a 49 999 hab.,35 a 39 años,4524,3921,2010,1911,603,275,328
607,Estados Unidos Mexicanos,06  Colima,20 000 a 49 999 hab.,40 a 44 años,3388,2841,1494,1347,547,214,333
608,Estados Unidos Mexicanos,06  Colima,20 000 a 49 999 hab.,45 a 49 años,2736,2205,1168,1037,531,240,291
609,Estados Unidos Mexicanos,06  Colima,20 000 a 49 999 hab.,50 a 54 años,2083,1590,855,735,493,195,298
610,Estados Unidos Mexicanos,06  Colima,20 000 a 49 999 hab.,55 a 59 años,1755,1315,704,611,440,185,255
611,Estados Unidos Mexicanos,06  Colima,20 000 a 49 999 hab.,60 a 64 años,1401,1016,546,470,385,180,205
612,Estados Unidos Mexicanos,06  Colima,20 000 a 49 999 hab.,65 y más años,2605,1719,898,821,886,404,482
613,Estados Unidos Mexicanos,06  Colima,50 000 a 99 999 hab.,Total,51195,46952,21913,25039,4243,1651,2592
614,Estados Unidos Mexicanos,06  Colima,50 000 a 99 999 hab.,15 a 19 años,10671,10449,4901,5548,222,105,117
615,Estados Unidos Mexicanos,06  Colima,50 000 a 99 999 hab.,20 a 24 años,8194,7900,3566,4334,294,116,178
616,Estados Unidos Mexicanos,06  Colima,50 000 a 99 999 hab.,25 a 29 años,6529,6206,2859,3347,323,123,200
617,Estados Unidos Mexicanos,06  Colima,50 000 a 99 999 hab.,30 a 34 años,5284,5004,2403,2601,280,123,157
618,Estados Unidos Mexicanos,06  Colima,50 000 a 99 999 hab.,35 a 39 años,4312,4003,1913,2090,309,118,191
619,Estados Unidos Mexicanos,06  Colima,50 000 a 99 999 hab.,40 a 44 años,3391,3064,1504,1560,327,112,215
620,Estados Unidos Mexicanos,06  Colima,50 000 a 99 999 hab.,45 a 49 años,2833,2480,1208,1272,353,129,224
621,Estados Unidos Mexicanos,06  Colima,50 000 a 99 999 hab.,50 a 54 años,2243,1861,912,949,382,146,236
622,Estados Unidos Mexicanos,06  Colima,50 000 a 99 999 hab.,55 a 59 años,1999,1671,787,884,328,135,193
623,Estados Unidos Mexicanos,06  Colima,50 000 a 99 999 hab.,60 a 64 años,1710,1372,625,747,338,131,207
624,Estados Unidos Mexicanos,06  Colima,50 000 a 99 999 hab.,65 y más años,4029,2942,1235,1707,1087,413,674
625,Estados Unidos Mexicanos,06  Colima,100 000  y más hab.,Total,0,0,0,0,0,0,0
626,Estados Unidos Mexicanos,07  Chiapas,Total,Total,1128973,700369,394327,306042,428604,177616,250988
627,Estados Unidos Mexicanos,07  Chiapas,Total,15 a 19 años,236483,181693,94980,86713,54790,22115,32675
628,Estados Unidos Mexicanos,07  Chiapas,Total,20 a 24 años,186905,130088,69853,60235,56817,21862,34955
629,Estados Unidos Mexicanos,07  Chiapas,Total,25 a 29 años,156035,99271,55075,44196,56764,21995,34769
630,Estados Unidos Mexicanos,07  Chiapas,Total,30 a 34 años,112668,67907,39559,28348,44761,18594,26167
631,Estados Unidos Mexicanos,07  Chiapas,Total,35 a 39 años,110089,61931,36046,25885,48158,19632,28526
632,Estados Unidos Mexicanos,07  Chiapas,Total,40 a 44 años,80601,44649,26744,17905,35952,15226,20726
633,Estados Unidos Mexicanos,07  Chiapas,Total,45 a 49 años,66394,36298,21805,14493,30096,12594,17502
634,Estados Unidos Mexicanos,07  Chiapas,Total,50 a 54 años,50317,25527,16106,9421,24790,10536,14254
635,Estados Unidos Mexicanos,07  Chiapas,Total,55 a 59 años,35332,18103,11748,6355,17229,7399,9830
636,Estados Unidos Mexicanos,07  Chiapas,Total,60 a 64 años,32289,12667,8262,4405,19622,9058,10564
637,Estados Unidos Mexicanos,07  Chiapas,Total,65 y más años,61860,22235,14149,8086,39625,18605,21020
638,Estados Unidos Mexicanos,07  Chiapas,1 a 2 499 hab.,Total,723508,388287,233909,154378,335221,142875,192346
639,Estados Unidos Mexicanos,07  Chiapas,1 a 2 499 hab.,15 a 19 años,150797,106218,58058,48160,44579,18167,26412
640,Estados Unidos Mexicanos,07  Chiapas,1 a 2 499 hab.,20 a 24 años,120817,74883,42794,32089,45934,17752,28182
641,Estados Unidos Mexicanos,07  Chiapas,1 a 2 499 hab.,25 a 29 años,103497,57247,33904,23343,46250,18066,28184
642,Estados Unidos Mexicanos,07  Chiapas,1 a 2 499 hab.,30 a 34 años,72467,36848,23363,13485,35619,14998,20621
643,Estados Unidos Mexicanos,07  Chiapas,1 a 2 499 hab.,35 a 39 años,72064,34258,21427,12831,37806,15828,21978
644,Estados Unidos Mexicanos,07  Chiapas,1 a 2 499 hab.,40 a 44 años,51068,23346,15292,8054,27722,12249,15473
645,Estados Unidos Mexicanos,07  Chiapas,1 a 2 499 hab.,45 a 49 años,41887,18976,12487,6489,22911,9985,12926
646,Estados Unidos Mexicanos,07  Chiapas,1 a 2 499 hab.,50 a 54 años,31472,12734,9015,3719,18738,8330,10408
647,Estados Unidos Mexicanos,07  Chiapas,1 a 2 499 hab.,55 a 59 años,21362,8657,6297,2360,12705,5809,6896
648,Estados Unidos Mexicanos,07  Chiapas,1 a 2 499 hab.,60 a 64 años,20829,5937,4436,1501,14892,7290,7602
649,Estados Unidos Mexicanos,07  Chiapas,1 a 2 499 hab.,65 y más años,37248,9183,6836,2347,28065,14401,13664
650,Estados Unidos Mexicanos,07  Chiapas,2 500 a 4 999 hab.,Total,82364,56039,30775,25264,26325,10313,16012
651,Estados Unidos Mexicanos,07  Chiapas,2 500 a 4 999 hab.,15 a 19 años,17189,14237,7302,6935,2952,1168,1784
652,Estados Unidos Mexicanos,07  Chiapas,2 500 a 4 999 hab.,20 a 24 años,13226,9980,5103,4877,3246,1266,1980
653,Estados Unidos Mexicanos,07  Chiapas,2 500 a 4 999 hab.,25 a 29 años,10843,7733,4196,3537,3110,1172,1938
654,Estados Unidos Mexicanos,07  Chiapas,2 500 a 4 999 hab.,30 a 34 años,8151,5463,3054,2409,2688,1079,1609
655,Estados Unidos Mexicanos,07  Chiapas,2 500 a 4 999 hab.,35 a 39 años,8135,5115,2886,2229,3020,1184,1836
656,Estados Unidos Mexicanos,07  Chiapas,2 500 a 4 999 hab.,40 a 44 años,6159,3802,2254,1548,2357,888,1469
657,Estados Unidos Mexicanos,07  Chiapas,2 500 a 4 999 hab.,45 a 49 años,5121,3181,1841,1340,1940,733,1207
658,Estados Unidos Mexicanos,07  Chiapas,2 500 a 4 999 hab.,50 a 54 años,3696,2091,1294,797,1605,616,989
659,Estados Unidos Mexicanos,07  Chiapas,2 500 a 4 999 hab.,55 a 59 años,2685,1533,997,536,1152,442,710
660,Estados Unidos Mexicanos,07  Chiapas,2 500 a 4 999 hab.,60 a 64 años,2311,1040,673,367,1271,505,766
661,Estados Unidos Mexicanos,07  Chiapas,2 500 a 4 999 hab.,65 y más años,4848,1864,1175,689,2984,1260,1724
662,Estados Unidos Mexicanos,07  Chiapas,5 000 a 9 999 hab.,Total,70267,51061,27260,23801,19206,7801,11405
663,Estados Unidos Mexicanos,07  Chiapas,5 000 a 9 999 hab.,15 a 19 años,14881,12641,6372,6269,2240,955,1285
664,Estados Unidos Mexicanos,07  Chiapas,5 000 a 9 999 hab.,20 a 24 años,11002,8766,4408,4358,2236,902,1334
665,Estados Unidos Mexicanos,07  Chiapas,5 000 a 9 999 hab.,25 a 29 años,8891,6708,3469,3239,2183,891,1292
666,Estados Unidos Mexicanos,07  Chiapas,5 000 a 9 999 hab.,30 a 34 años,6878,4999,2711,2288,1879,812,1067
667,Estados Unidos Mexicanos,07  Chiapas,5 000 a 9 999 hab.,35 a 39 años,6907,4701,2583,2118,2206,848,1358
668,Estados Unidos Mexicanos,07  Chiapas,5 000 a 9 999 hab.,40 a 44 años,5393,3626,2003,1623,1767,694,1073
669,Estados Unidos Mexicanos,07  Chiapas,5 000 a 9 999 hab.,45 a 49 años,4307,2842,1628,1214,1465,577,888
670,Estados Unidos Mexicanos,07  Chiapas,5 000 a 9 999 hab.,50 a 54 años,3213,2029,1242,787,1184,488,696
671,Estados Unidos Mexicanos,07  Chiapas,5 000 a 9 999 hab.,55 a 59 años,2385,1492,904,588,893,355,538
672,Estados Unidos Mexicanos,07  Chiapas,5 000 a 9 999 hab.,60 a 64 años,2035,1083,620,463,952,381,571
673,Estados Unidos Mexicanos,07  Chiapas,5 000 a 9 999 hab.,65 y más años,4375,2174,1320,854,2201,898,1303
674,Estados Unidos Mexicanos,07  Chiapas,10 000 a 14 999 hab.,Total,34317,23568,12486,11082,10749,4222,6527
675,Estados Unidos Mexicanos,07  Chiapas,10 000 a 14 999 hab.,15 a 19 años,7118,5724,2902,2822,1394,575,819
676,Estados Unidos Mexicanos,07  Chiapas,10 000 a 14 999 hab.,20 a 24 años,5250,3971,2016,1955,1279,524,755
677,Estados Unidos Mexicanos,07  Chiapas,10 000 a 14 999 hab.,25 a 29 años,4224,3045,1594,1451,1179,438,741
678,Estados Unidos Mexicanos,07  Chiapas,10 000 a 14 999 hab.,30 a 34 años,3412,2367,1260,1107,1045,387,658
679,Estados Unidos Mexicanos,07  Chiapas,10 000 a 14 999 hab.,35 a 39 años,3338,2097,1132,965,1241,454,787
680,Estados Unidos Mexicanos,07  Chiapas,10 000 a 14 999 hab.,40 a 44 años,2661,1704,930,774,957,387,570
681,Estados Unidos Mexicanos,07  Chiapas,10 000 a 14 999 hab.,45 a 49 años,2050,1281,733,548,769,300,469
682,Estados Unidos Mexicanos,07  Chiapas,10 000 a 14 999 hab.,50 a 54 años,1640,957,505,452,683,275,408
683,Estados Unidos Mexicanos,07  Chiapas,10 000 a 14 999 hab.,55 a 59 años,1201,748,439,309,453,167,286
684,Estados Unidos Mexicanos,07  Chiapas,10 000 a 14 999 hab.,60 a 64 años,1090,563,339,224,527,232,295
685,Estados Unidos Mexicanos,07  Chiapas,10 000 a 14 999 hab.,65 y más años,2333,1111,636,475,1222,483,739
686,Estados Unidos Mexicanos,07  Chiapas,15 000 a 19 999 hab.,Total,21812,18371,8937,9434,3441,1088,2353
687,Estados Unidos Mexicanos,07  Chiapas,15 000 a 19 999 hab.,15 a 19 años,4481,4247,2055,2192,234,96,138
688,Estados Unidos Mexicanos,07  Chiapas,15 000 a 19 999 hab.,20 a 24 años,3084,2794,1202,1592,290,86,204
689,Estados Unidos Mexicanos,07  Chiapas,15 000 a 19 999 hab.,25 a 29 años,2539,2244,1057,1187,295,101,194
690,Estados Unidos Mexicanos,07  Chiapas,15 000 a 19 999 hab.,30 a 34 años,2209,1905,867,1038,304,104,200
691,Estados Unidos Mexicanos,07  Chiapas,15 000 a 19 999 hab.,35 a 39 años,2046,1693,871,822,353,115,238
692,Estados Unidos Mexicanos,07  Chiapas,15 000 a 19 999 hab.,40 a 44 años,1674,1352,683,669,322,94,228
693,Estados Unidos Mexicanos,07  Chiapas,15 000 a 19 999 hab.,45 a 49 años,1505,1203,606,597,302,97,205
694,Estados Unidos Mexicanos,07  Chiapas,15 000 a 19 999 hab.,50 a 54 años,1201,920,461,459,281,93,188
695,Estados Unidos Mexicanos,07  Chiapas,15 000 a 19 999 hab.,55 a 59 años,869,656,369,287,213,58,155
696,Estados Unidos Mexicanos,07  Chiapas,15 000 a 19 999 hab.,60 a 64 años,659,441,230,211,218,62,156
697,Estados Unidos Mexicanos,07  Chiapas,15 000 a 19 999 hab.,65 y más años,1545,916,536,380,629,182,447
698,Estados Unidos Mexicanos,07  Chiapas,20 000 a 49 999 hab.,Total,65807,51993,25815,26178,13814,4874,8940
699,Estados Unidos Mexicanos,07  Chiapas,20 000 a 49 999 hab.,15 a 19 años,14466,13058,6262,6796,1408,464,944
700,Estados Unidos Mexicanos,07  Chiapas,20 000 a 49 999 hab.,20 a 24 años,10879,9289,4531,4758,1590,582,1008
701,Estados Unidos Mexicanos,07  Chiapas,20 000 a 49 999 hab.,25 a 29 años,8385,6832,3275,3557,1553,564,989
702,Estados Unidos Mexicanos,07  Chiapas,20 000 a 49 999 hab.,30 a 34 años,6264,4967,2531,2436,1297,523,774
703,Estados Unidos Mexicanos,07  Chiapas,20 000 a 49 999 hab.,35 a 39 años,5971,4504,2229,2275,1467,522,945
704,Estados Unidos Mexicanos,07  Chiapas,20 000 a 49 999 hab.,40 a 44 años,4346,3151,1650,1501,1195,404,791
705,Estados Unidos Mexicanos,07  Chiapas,20 000 a 49 999 hab.,45 a 49 años,3908,2801,1451,1350,1107,410,697
706,Estados Unidos Mexicanos,07  Chiapas,20 000 a 49 999 hab.,50 a 54 años,3099,2120,1146,974,979,335,644
707,Estados Unidos Mexicanos,07  Chiapas,20 000 a 49 999 hab.,55 a 59 años,2278,1568,856,712,710,234,476
708,Estados Unidos Mexicanos,07  Chiapas,20 000 a 49 999 hab.,60 a 64 años,1971,1237,663,574,734,266,468
709,Estados Unidos Mexicanos,07  Chiapas,20 000 a 49 999 hab.,65 y más años,4240,2466,1221,1245,1774,570,1204
710,Estados Unidos Mexicanos,07  Chiapas,50 000 a 99 999 hab.,Total,52087,45740,22543,23197,6347,1635,4712
711,Estados Unidos Mexicanos,07  Chiapas,50 000 a 99 999 hab.,15 a 19 años,10720,10295,4817,5478,425,119,306
712,Estados Unidos Mexicanos,07  Chiapas,50 000 a 99 999 hab.,20 a 24 años,8660,8046,3791,4255,614,171,443
713,Estados Unidos Mexicanos,07  Chiapas,50 000 a 99 999 hab.,25 a 29 años,6774,6180,2956,3224,594,165,429
714,Estados Unidos Mexicanos,07  Chiapas,50 000 a 99 999 hab.,30 a 34 años,5208,4691,2311,2380,517,157,360
715,Estados Unidos Mexicanos,07  Chiapas,50 000 a 99 999 hab.,35 a 39 años,4706,3984,2070,1914,722,183,539
716,Estados Unidos Mexicanos,07  Chiapas,50 000 a 99 999 hab.,40 a 44 años,3860,3327,1713,1614,533,150,383
717,Estados Unidos Mexicanos,07  Chiapas,50 000 a 99 999 hab.,45 a 49 años,3227,2693,1357,1336,534,132,402
718,Estados Unidos Mexicanos,07  Chiapas,50 000 a 99 999 hab.,50 a 54 años,2512,2047,1065,982,465,104,361
719,Estados Unidos Mexicanos,07  Chiapas,50 000 a 99 999 hab.,55 a 59 años,1950,1513,819,694,437,101,336
720,Estados Unidos Mexicanos,07  Chiapas,50 000 a 99 999 hab.,60 a 64 años,1401,1014,577,437,387,94,293
721,Estados Unidos Mexicanos,07  Chiapas,50 000 a 99 999 hab.,65 y más años,3069,1950,1067,883,1119,259,860
722,Estados Unidos Mexicanos,07  Chiapas,100 000  y más hab.,Total,78811,65310,32602,32708,13501,4808,8693
723,Estados Unidos Mexicanos,07  Chiapas,100 000  y más hab.,15 a 19 años,16831,15273,7212,8061,1558,571,987
724,Estados Unidos Mexicanos,07  Chiapas,100 000  y más hab.,20 a 24 años,13987,12359,6008,6351,1628,579,1049
725,Estados Unidos Mexicanos,07  Chiapas,100 000  y más hab.,25 a 29 años,10882,9282,4624,4658,1600,598,1002
726,Estados Unidos Mexicanos,07  Chiapas,100 000  y más hab.,30 a 34 años,8079,6667,3462,3205,1412,534,878
727,Estados Unidos Mexicanos,07  Chiapas,100 000  y más hab.,35 a 39 años,6922,5579,2848,2731,1343,498,845
728,Estados Unidos Mexicanos,07  Chiapas,100 000  y más hab.,40 a 44 años,5440,4341,2219,2122,1099,360,739
729,Estados Unidos Mexicanos,07  Chiapas,100 000  y más hab.,45 a 49 años,4389,3321,1702,1619,1068,360,708
730,Estados Unidos Mexicanos,07  Chiapas,100 000  y más hab.,50 a 54 años,3484,2629,1378,1251,855,295,560
731,Estados Unidos Mexicanos,07  Chiapas,100 000  y más hab.,55 a 59 años,2602,1936,1067,869,666,233,433
732,Estados Unidos Mexicanos,07  Chiapas,100 000  y más hab.,60 a 64 años,1993,1352,724,628,641,228,413
733,Estados Unidos Mexicanos,07  Chiapas,100 000  y más hab.,65 y más años,4202,2571,1358,1213,1631,552,1079
734,Estados Unidos Mexicanos,08  Chihuahua,Total,Total,1163986,1061015,519207,541808,102971,49650,53321
735,Estados Unidos Mexicanos,08  Chihuahua,Total,15 a 19 años,244428,235391,116037,119354,9037,4892,4145
736,Estados Unidos Mexicanos,08  Chihuahua,Total,20 a 24 años,186707,177961,86107,91854,8746,4300,4446
737,Estados Unidos Mexicanos,08  Chihuahua,Total,25 a 29 años,135867,127367,61099,66268,8500,3941,4559
738,Estados Unidos Mexicanos,08  Chihuahua,Total,30 a 34 años,113436,105077,50743,54334,8359,3999,4360
739,Estados Unidos Mexicanos,08  Chihuahua,Total,35 a 39 años,103363,93968,45642,48326,9395,4492,4903
740,Estados Unidos Mexicanos,08  Chihuahua,Total,40 a 44 años,88365,79375,39561,39814,8990,4168,4822
741,Estados Unidos Mexicanos,08  Chihuahua,Total,45 a 49 años,72921,64110,31921,32189,8811,4241,4570
742,Estados Unidos Mexicanos,08  Chihuahua,Total,50 a 54 años,60335,52316,26059,26257,8019,3739,4280
743,Estados Unidos Mexicanos,08  Chihuahua,Total,55 a 59 años,46399,39560,20121,19439,6839,3255,3584
744,Estados Unidos Mexicanos,08  Chihuahua,Total,60 a 64 años,34455,28126,13891,14235,6329,3020,3309
745,Estados Unidos Mexicanos,08  Chihuahua,Total,65 y más años,77710,57764,28026,29738,19946,9603,10343
746,Estados Unidos Mexicanos,08  Chihuahua,1 a 2 499 hab.,Total,326331,266946,139236,127710,59385,30845,28540
747,Estados Unidos Mexicanos,08  Chihuahua,1 a 2 499 hab.,15 a 19 años,67317,61396,31470,29926,5921,3159,2762
748,Estados Unidos Mexicanos,08  Chihuahua,1 a 2 499 hab.,20 a 24 años,48623,43038,22097,20941,5585,2732,2853
749,Estados Unidos Mexicanos,08  Chihuahua,1 a 2 499 hab.,25 a 29 años,36039,30405,15541,14864,5634,2635,2999
750,Estados Unidos Mexicanos,08  Chihuahua,1 a 2 499 hab.,30 a 34 años,31493,26216,13518,12698,5277,2639,2638
751,Estados Unidos Mexicanos,08  Chihuahua,1 a 2 499 hab.,35 a 39 años,29973,24042,12486,11556,5931,2964,2967
752,Estados Unidos Mexicanos,08  Chihuahua,1 a 2 499 hab.,40 a 44 años,25379,20075,10630,9445,5304,2709,2595
753,Estados Unidos Mexicanos,08  Chihuahua,1 a 2 499 hab.,45 a 49 años,21318,16209,8703,7506,5109,2746,2363
754,Estados Unidos Mexicanos,08  Chihuahua,1 a 2 499 hab.,50 a 54 años,17703,13381,7229,6152,4322,2275,2047
755,Estados Unidos Mexicanos,08  Chihuahua,1 a 2 499 hab.,55 a 59 años,13353,9821,5426,4395,3532,1910,1622
756,Estados Unidos Mexicanos,08  Chihuahua,1 a 2 499 hab.,60 a 64 años,10828,7556,4073,3483,3272,1794,1478
757,Estados Unidos Mexicanos,08  Chihuahua,1 a 2 499 hab.,65 y más años,24305,14807,8063,6744,9498,5282,4216
758,Estados Unidos Mexicanos,08  Chihuahua,2 500 a 4 999 hab.,Total,32518,30320,15121,15199,2198,1156,1042
759,Estados Unidos Mexicanos,08  Chihuahua,2 500 a 4 999 hab.,15 a 19 años,7061,6873,3428,3445,188,123,65
760,Estados Unidos Mexicanos,08  Chihuahua,2 500 a 4 999 hab.,20 a 24 años,4669,4535,2204,2331,134,79,55
761,Estados Unidos Mexicanos,08  Chihuahua,2 500 a 4 999 hab.,25 a 29 años,3449,3323,1584,1739,126,60,66
762,Estados Unidos Mexicanos,08  Chihuahua,2 500 a 4 999 hab.,30 a 34 años,3193,3047,1498,1549,146,70,76
763,Estados Unidos Mexicanos,08  Chihuahua,2 500 a 4 999 hab.,35 a 39 años,3220,2988,1440,1548,232,125,107
764,Estados Unidos Mexicanos,08  Chihuahua,2 500 a 4 999 hab.,40 a 44 años,2643,2419,1273,1146,224,110,114
765,Estados Unidos Mexicanos,08  Chihuahua,2 500 a 4 999 hab.,45 a 49 años,2110,1936,1011,925,174,96,78
766,Estados Unidos Mexicanos,08  Chihuahua,2 500 a 4 999 hab.,50 a 54 años,1718,1547,769,778,171,88,83
767,Estados Unidos Mexicanos,08  Chihuahua,2 500 a 4 999 hab.,55 a 59 años,1239,1105,604,501,134,68,66
768,Estados Unidos Mexicanos,08  Chihuahua,2 500 a 4 999 hab.,60 a 64 años,1049,882,464,418,167,70,97
769,Estados Unidos Mexicanos,08  Chihuahua,2 500 a 4 999 hab.,65 y más años,2167,1665,846,819,502,267,235
770,Estados Unidos Mexicanos,08  Chihuahua,5 000 a 9 999 hab.,Total,34294,31656,15993,15663,2638,1314,1324
771,Estados Unidos Mexicanos,08  Chihuahua,5 000 a 9 999 hab.,15 a 19 años,7479,7285,3709,3576,194,116,78
772,Estados Unidos Mexicanos,08  Chihuahua,5 000 a 9 999 hab.,20 a 24 años,5323,5132,2505,2627,191,103,88
773,Estados Unidos Mexicanos,08  Chihuahua,5 000 a 9 999 hab.,25 a 29 años,3846,3641,1797,1844,205,104,101
774,Estados Unidos Mexicanos,08  Chihuahua,5 000 a 9 999 hab.,30 a 34 años,3514,3286,1630,1656,228,107,121
775,Estados Unidos Mexicanos,08  Chihuahua,5 000 a 9 999 hab.,35 a 39 años,3155,2920,1419,1501,235,115,120
776,Estados Unidos Mexicanos,08  Chihuahua,5 000 a 9 999 hab.,40 a 44 años,2762,2528,1344,1184,234,107,127
777,Estados Unidos Mexicanos,08  Chihuahua,5 000 a 9 999 hab.,45 a 49 años,2123,1899,956,943,224,113,111
778,Estados Unidos Mexicanos,08  Chihuahua,5 000 a 9 999 hab.,50 a 54 años,1712,1501,828,673,211,92,119
779,Estados Unidos Mexicanos,08  Chihuahua,5 000 a 9 999 hab.,55 a 59 años,1236,1063,582,481,173,85,88
780,Estados Unidos Mexicanos,08  Chihuahua,5 000 a 9 999 hab.,60 a 64 años,947,787,411,376,160,70,90
781,Estados Unidos Mexicanos,08  Chihuahua,5 000 a 9 999 hab.,65 y más años,2197,1614,812,802,583,302,281
782,Estados Unidos Mexicanos,08  Chihuahua,10 000 a 14 999 hab.,Total,43793,40681,20070,20611,3112,1383,1729
783,Estados Unidos Mexicanos,08  Chihuahua,10 000 a 14 999 hab.,15 a 19 años,9213,9038,4467,4571,175,90,85
784,Estados Unidos Mexicanos,08  Chihuahua,10 000 a 14 999 hab.,20 a 24 años,6891,6689,3203,3486,202,108,94
785,Estados Unidos Mexicanos,08  Chihuahua,10 000 a 14 999 hab.,25 a 29 años,4984,4785,2319,2466,199,74,125
786,Estados Unidos Mexicanos,08  Chihuahua,10 000 a 14 999 hab.,30 a 34 años,4421,4190,2001,2189,231,109,122
787,Estados Unidos Mexicanos,08  Chihuahua,10 000 a 14 999 hab.,35 a 39 años,3905,3650,1791,1859,255,127,128
788,Estados Unidos Mexicanos,08  Chihuahua,10 000 a 14 999 hab.,40 a 44 años,3483,3187,1632,1555,296,124,172
789,Estados Unidos Mexicanos,08  Chihuahua,10 000 a 14 999 hab.,45 a 49 años,2908,2591,1294,1297,317,127,190
790,Estados Unidos Mexicanos,08  Chihuahua,10 000 a 14 999 hab.,50 a 54 años,2269,2002,1028,974,267,109,158
791,Estados Unidos Mexicanos,08  Chihuahua,10 000 a 14 999 hab.,55 a 59 años,1674,1425,769,656,249,97,152
792,Estados Unidos Mexicanos,08  Chihuahua,10 000 a 14 999 hab.,60 a 64 años,1244,1028,526,502,216,92,124
793,Estados Unidos Mexicanos,08  Chihuahua,10 000 a 14 999 hab.,65 y más años,2801,2096,1040,1056,705,326,379
794,Estados Unidos Mexicanos,08  Chihuahua,15 000 a 19 999 hab.,Total,10455,9645,4648,4997,810,394,416
795,Estados Unidos Mexicanos,08  Chihuahua,15 000 a 19 999 hab.,15 a 19 años,2156,2099,1002,1097,57,36,21
796,Estados Unidos Mexicanos,08  Chihuahua,15 000 a 19 999 hab.,20 a 24 años,1424,1388,640,748,36,24,12
797,Estados Unidos Mexicanos,08  Chihuahua,15 000 a 19 999 hab.,25 a 29 años,1222,1180,567,613,42,23,19
798,Estados Unidos Mexicanos,08  Chihuahua,15 000 a 19 999 hab.,30 a 34 años,944,902,413,489,42,15,27
799,Estados Unidos Mexicanos,08  Chihuahua,15 000 a 19 999 hab.,35 a 39 años,976,904,409,495,72,41,31
800,Estados Unidos Mexicanos,08  Chihuahua,15 000 a 19 999 hab.,40 a 44 años,900,815,399,416,85,34,51
801,Estados Unidos Mexicanos,08  Chihuahua,15 000 a 19 999 hab.,45 a 49 años,765,673,351,322,92,39,53
802,Estados Unidos Mexicanos,08  Chihuahua,15 000 a 19 999 hab.,50 a 54 años,542,467,249,218,75,38,37
803,Estados Unidos Mexicanos,08  Chihuahua,15 000 a 19 999 hab.,55 a 59 años,447,389,210,179,58,30,28
804,Estados Unidos Mexicanos,08  Chihuahua,15 000 a 19 999 hab.,60 a 64 años,290,246,123,123,44,20,24
805,Estados Unidos Mexicanos,08  Chihuahua,15 000 a 19 999 hab.,65 y más años,789,582,285,297,207,94,113
806,Estados Unidos Mexicanos,08  Chihuahua,20 000 a 49 999 hab.,Total,71164,67091,32660,34431,4073,1944,2129
807,Estados Unidos Mexicanos,08  Chihuahua,20 000 a 49 999 hab.,15 a 19 años,15314,15035,7419,7616,279,166,113
808,Estados Unidos Mexicanos,08  Chihuahua,20 000 a 49 999 hab.,20 a 24 años,10721,10412,4857,5555,309,138,171
809,Estados Unidos Mexicanos,08  Chihuahua,20 000 a 49 999 hab.,25 a 29 años,8101,7815,3733,4082,286,138,148
810,Estados Unidos Mexicanos,08  Chihuahua,20 000 a 49 999 hab.,30 a 34 años,7110,6813,3176,3637,297,145,152
811,Estados Unidos Mexicanos,08  Chihuahua,20 000 a 49 999 hab.,35 a 39 años,6761,6392,3130,3262,369,174,195
812,Estados Unidos Mexicanos,08  Chihuahua,20 000 a 49 999 hab.,40 a 44 años,5492,5170,2591,2579,322,133,189
813,Estados Unidos Mexicanos,08  Chihuahua,20 000 a 49 999 hab.,45 a 49 años,4523,4181,2172,2009,342,164,178
814,Estados Unidos Mexicanos,08  Chihuahua,20 000 a 49 999 hab.,50 a 54 años,3688,3384,1675,1709,304,132,172
815,Estados Unidos Mexicanos,08  Chihuahua,20 000 a 49 999 hab.,55 a 59 años,2784,2491,1261,1230,293,138,155
816,Estados Unidos Mexicanos,08  Chihuahua,20 000 a 49 999 hab.,60 a 64 años,1991,1712,849,863,279,135,144
817,Estados Unidos Mexicanos,08  Chihuahua,20 000 a 49 999 hab.,65 y más años,4679,3686,1797,1889,993,481,512
818,Estados Unidos Mexicanos,08  Chihuahua,50 000 a 99 999 hab.,Total,82501,77925,37405,40520,4576,2043,2533
819,Estados Unidos Mexicanos,08  Chihuahua,50 000 a 99 999 hab.,15 a 19 años,17621,17353,8438,8915,268,158,110
820,Estados Unidos Mexicanos,08  Chihuahua,50 000 a 99 999 hab.,20 a 24 años,13055,12771,5983,6788,284,134,150
821,Estados Unidos Mexicanos,08  Chihuahua,50 000 a 99 999 hab.,25 a 29 años,9484,9214,4241,4973,270,130,140
822,Estados Unidos Mexicanos,08  Chihuahua,50 000 a 99 999 hab.,30 a 34 años,8206,7895,3712,4183,311,143,168
823,Estados Unidos Mexicanos,08  Chihuahua,50 000 a 99 999 hab.,35 a 39 años,7281,6901,3346,3555,380,189,191
824,Estados Unidos Mexicanos,08  Chihuahua,50 000 a 99 999 hab.,40 a 44 años,6645,6208,3039,3169,437,182,255
825,Estados Unidos Mexicanos,08  Chihuahua,50 000 a 99 999 hab.,45 a 49 años,5122,4724,2329,2395,398,175,223
826,Estados Unidos Mexicanos,08  Chihuahua,50 000 a 99 999 hab.,50 a 54 años,4202,3798,1923,1875,404,174,230
827,Estados Unidos Mexicanos,08  Chihuahua,50 000 a 99 999 hab.,55 a 59 años,3135,2789,1438,1351,346,141,205
828,Estados Unidos Mexicanos,08  Chihuahua,50 000 a 99 999 hab.,60 a 64 años,2359,1966,902,1064,393,154,239
829,Estados Unidos Mexicanos,08  Chihuahua,50 000 a 99 999 hab.,65 y más años,5391,4306,2054,2252,1085,463,622
830,Estados Unidos Mexicanos,08  Chihuahua,100 000  y más hab.,Total,562930,536751,254074,282677,26179,10571,15608
831,Estados Unidos Mexicanos,08  Chihuahua,100 000  y más hab.,15 a 19 años,118267,116312,56104,60208,1955,1044,911
832,Estados Unidos Mexicanos,08  Chihuahua,100 000  y más hab.,20 a 24 años,96001,93996,44618,49378,2005,982,1023
833,Estados Unidos Mexicanos,08  Chihuahua,100 000  y más hab.,25 a 29 años,68742,67004,31317,35687,1738,777,961
834,Estados Unidos Mexicanos,08  Chihuahua,100 000  y más hab.,30 a 34 años,54555,52728,24795,27933,1827,771,1056
835,Estados Unidos Mexicanos,08  Chihuahua,100 000  y más hab.,35 a 39 años,48092,46171,21621,24550,1921,757,1164
836,Estados Unidos Mexicanos,08  Chihuahua,100 000  y más hab.,40 a 44 años,41061,38973,18653,20320,2088,769,1319
837,Estados Unidos Mexicanos,08  Chihuahua,100 000  y más hab.,45 a 49 años,34052,31897,15105,16792,2155,781,1374
838,Estados Unidos Mexicanos,08  Chihuahua,100 000  y más hab.,50 a 54 años,28501,26236,12358,13878,2265,831,1434
839,Estados Unidos Mexicanos,08  Chihuahua,100 000  y más hab.,55 a 59 años,22531,20477,9831,10646,2054,786,1268
840,Estados Unidos Mexicanos,08  Chihuahua,100 000  y más hab.,60 a 64 años,15747,13949,6543,7406,1798,685,1113
841,Estados Unidos Mexicanos,08  Chihuahua,100 000  y más hab.,65 y más años,35381,29008,13129,15879,6373,2388,3985
842,Estados Unidos Mexicanos,09  Distrito Federal,Total,Total,5556827,5230018,2515859,2714159,326809,80730,246079
843,Estados Unidos Mexicanos,09  Distrito Federal,Total,15 a 19 años,1032670,1013253,484928,528325,19417,6015,13402
844,Estados Unidos Mexicanos,09  Distrito Federal,Total,20 a 24 años,979019,956409,461600,494809,22610,6568,16042
845,Estados Unidos Mexicanos,09  Distrito Federal,Total,25 a 29 años,785775,762146,371355,390791,23629,6715,16914
846,Estados Unidos Mexicanos,09  Distrito Federal,Total,30 a 34 años,597691,573016,281145,291871,24675,6628,18047
847,Estados Unidos Mexicanos,09  Distrito Federal,Total,35 a 39 años,474299,444121,217974,226147,30178,7631,22547
848,Estados Unidos Mexicanos,09  Distrito Federal,Total,40 a 44 años,374001,344497,168257,176240,29504,7318,22186
849,Estados Unidos Mexicanos,09  Distrito Federal,Total,45 a 49 años,320901,290249,139508,150741,30652,7020,23632
850,Estados Unidos Mexicanos,09  Distrito Federal,Total,50 a 54 años,270750,240337,114025,126312,30413,6712,23701
851,Estados Unidos Mexicanos,09  Distrito Federal,Total,55 a 59 años,219990,193543,93342,100201,26447,6278,20169
852,Estados Unidos Mexicanos,09  Distrito Federal,Total,60 a 64 años,154150,133855,62169,71686,20295,4675,15620
853,Estados Unidos Mexicanos,09  Distrito Federal,Total,65 y más años,347581,278592,121556,157036,68989,15170,53819
854,Estados Unidos Mexicanos,09  Distrito Federal,1 a 2 499 hab.,Total,0,0,0,0,0,0,0
855,Estados Unidos Mexicanos,09  Distrito Federal,2 500 a 4 999 hab.,Total,0,0,0,0,0,0,0
856,Estados Unidos Mexicanos,09  Distrito Federal,5 000 a 9 999 hab.,Total,0,0,0,0,0,0,0
857,Estados Unidos Mexicanos,09  Distrito Federal,10 000 a 14 999 hab.,Total,0,0,0,0,0,0,0
858,Estados Unidos Mexicanos,09  Distrito Federal,15 000 a 19 999 hab.,Total,0,0,0,0,0,0,0
859,Estados Unidos Mexicanos,09  Distrito Federal,20 000 a 49 999 hab.,Total,0,0,0,0,0,0,0
860,Estados Unidos Mexicanos,09  Distrito Federal,50 000 a 99 999 hab.,Total,82827,73972,37821,36151,8855,2733,6122
861,Estados Unidos Mexicanos,09  Distrito Federal,50 000 a 99 999 hab.,15 a 19 años,17183,16753,8402,8351,430,180,250
862,Estados Unidos Mexicanos,09  Distrito Federal,50 000 a 99 999 hab.,20 a 24 años,14628,14021,6869,7152,607,200,407
863,Estados Unidos Mexicanos,09  Distrito Federal,50 000 a 99 999 hab.,25 a 29 años,10975,10294,5182,5112,681,248,433
864,Estados Unidos Mexicanos,09  Distrito Federal,50 000 a 99 999 hab.,30 a 34 años,8583,7858,4025,3833,725,229,496
865,Estados Unidos Mexicanos,09  Distrito Federal,50 000 a 99 999 hab.,35 a 39 años,7304,6428,3290,3138,876,271,605
866,Estados Unidos Mexicanos,09  Distrito Federal,50 000 a 99 999 hab.,40 a 44 años,6065,5141,2684,2457,924,275,649
867,Estados Unidos Mexicanos,09  Distrito Federal,50 000 a 99 999 hab.,45 a 49 años,5206,4345,2361,1984,861,229,632
868,Estados Unidos Mexicanos,09  Distrito Federal,50 000 a 99 999 hab.,50 a 54 años,3957,3054,1717,1337,903,253,650
869,Estados Unidos Mexicanos,09  Distrito Federal,50 000 a 99 999 hab.,55 a 59 años,2891,2176,1249,927,715,224,491
870,Estados Unidos Mexicanos,09  Distrito Federal,50 000 a 99 999 hab.,60 a 64 años,1762,1285,675,610,477,143,334
871,Estados Unidos Mexicanos,09  Distrito Federal,50 000 a 99 999 hab.,65 y más años,4273,2617,1367,1250,1656,481,1175
872,Estados Unidos Mexicanos,09  Distrito Federal,100 000  y más hab.,Total,5474000,5156046,2478038,2678008,317954,77997,239957
873,Estados Unidos Mexicanos,09  Distrito Federal,100 000  y más hab.,15 a 19 años,1015487,996500,476526,519974,18987,5835,13152
874,Estados Unidos Mexicanos,09  Distrito Federal,100 000  y más hab.,20 a 24 años,964391,942388,454731,487657,22003,6368,15635
875,Estados Unidos Mexicanos,09  Distrito Federal,100 000  y más hab.,25 a 29 años,774800,751852,366173,385679,22948,6467,16481
876,Estados Unidos Mexicanos,09  Distrito Federal,100 000  y más hab.,30 a 34 años,589108,565158,277120,288038,23950,6399,17551
877,Estados Unidos Mexicanos,09  Distrito Federal,100 000  y más hab.,35 a 39 años,466995,437693,214684,223009,29302,7360,21942
878,Estados Unidos Mexicanos,09  Distrito Federal,100 000  y más hab.,40 a 44 años,367936,339356,165573,173783,28580,7043,21537
879,Estados Unidos Mexicanos,09  Distrito Federal,100 000  y más hab.,45 a 49 años,315695,285904,137147,148757,29791,6791,23000
880,Estados Unidos Mexicanos,09  Distrito Federal,100 000  y más hab.,50 a 54 años,266793,237283,112308,124975,29510,6459,23051
881,Estados Unidos Mexicanos,09  Distrito Federal,100 000  y más hab.,55 a 59 años,217099,191367,92093,99274,25732,6054,19678
882,Estados Unidos Mexicanos,09  Distrito Federal,100 000  y más hab.,60 a 64 años,152388,132570,61494,71076,19818,4532,15286
883,Estados Unidos Mexicanos,09  Distrito Federal,100 000  y más hab.,65 y más años,343308,275975,120189,155786,67333,14689,52644
884,Estados Unidos Mexicanos,10  Durango,Total,Total,630469,570757,282978,287779,59712,28495,31217
885,Estados Unidos Mexicanos,10  Durango,Total,15 a 19 años,137705,132725,66034,66691,4980,2808,2172
886,Estados Unidos Mexicanos,10  Durango,Total,20 a 24 años,97097,92661,45063,47598,4436,2186,2250
887,Estados Unidos Mexicanos,10  Durango,Total,25 a 29 años,70898,66774,32237,34537,4124,1918,2206
888,Estados Unidos Mexicanos,10  Durango,Total,30 a 34 años,59696,55602,26993,28609,4094,1932,2162
889,Estados Unidos Mexicanos,10  Durango,Total,35 a 39 años,54465,49763,24517,25246,4702,2146,2556
890,Estados Unidos Mexicanos,10  Durango,Total,40 a 44 años,47709,42920,21390,21530,4789,2153,2636
891,Estados Unidos Mexicanos,10  Durango,Total,45 a 49 años,40817,36011,18134,17877,4806,2136,2670
892,Estados Unidos Mexicanos,10  Durango,Total,50 a 54 años,32438,27868,14207,13661,4570,2069,2501
893,Estados Unidos Mexicanos,10  Durango,Total,55 a 59 años,24585,20687,10930,9757,3898,1769,2129
894,Estados Unidos Mexicanos,10  Durango,Total,60 a 64 años,18441,14408,7355,7053,4033,1825,2208
895,Estados Unidos Mexicanos,10  Durango,Total,65 y más años,46618,31338,16118,15220,15280,7553,7727
896,Estados Unidos Mexicanos,10  Durango,1 a 2 499 hab.,Total,296954,258249,132655,125594,38705,19356,19349
897,Estados Unidos Mexicanos,10  Durango,1 a 2 499 hab.,15 a 19 años,65238,61898,31470,30428,3340,1916,1424
898,Estados Unidos Mexicanos,10  Durango,1 a 2 499 hab.,20 a 24 años,42392,39563,19736,19827,2829,1452,1377
899,Estados Unidos Mexicanos,10  Durango,1 a 2 499 hab.,25 a 29 años,31130,28498,14126,14372,2632,1207,1425
900,Estados Unidos Mexicanos,10  Durango,1 a 2 499 hab.,30 a 34 años,27417,24802,12371,12431,2615,1250,1365
901,Estados Unidos Mexicanos,10  Durango,1 a 2 499 hab.,35 a 39 años,26644,23522,11892,11630,3122,1488,1634
902,Estados Unidos Mexicanos,10  Durango,1 a 2 499 hab.,40 a 44 años,23434,20319,10597,9722,3115,1463,1652
903,Estados Unidos Mexicanos,10  Durango,1 a 2 499 hab.,45 a 49 años,19987,16914,8865,8049,3073,1441,1632
904,Estados Unidos Mexicanos,10  Durango,1 a 2 499 hab.,50 a 54 años,15793,12853,6975,5878,2940,1399,1541
905,Estados Unidos Mexicanos,10  Durango,1 a 2 499 hab.,55 a 59 años,11742,9271,5212,4059,2471,1208,1263
906,Estados Unidos Mexicanos,10  Durango,1 a 2 499 hab.,60 a 64 años,9224,6567,3533,3034,2657,1276,1381
907,Estados Unidos Mexicanos,10  Durango,1 a 2 499 hab.,65 y más años,23953,14042,7878,6164,9911,5256,4655
908,Estados Unidos Mexicanos,10  Durango,2 500 a 4 999 hab.,Total,44519,40050,20105,19945,4469,2136,2333
909,Estados Unidos Mexicanos,10  Durango,2 500 a 4 999 hab.,15 a 19 años,9838,9500,4758,4742,338,205,133
910,Estados Unidos Mexicanos,10  Durango,2 500 a 4 999 hab.,20 a 24 años,6534,6230,3069,3161,304,148,156
911,Estados Unidos Mexicanos,10  Durango,2 500 a 4 999 hab.,25 a 29 años,4596,4324,2090,2234,272,137,135
912,Estados Unidos Mexicanos,10  Durango,2 500 a 4 999 hab.,30 a 34 años,4110,3817,1831,1986,293,133,160
913,Estados Unidos Mexicanos,10  Durango,2 500 a 4 999 hab.,35 a 39 años,3793,3427,1703,1724,366,168,198
914,Estados Unidos Mexicanos,10  Durango,2 500 a 4 999 hab.,40 a 44 años,3433,3075,1554,1521,358,157,201
915,Estados Unidos Mexicanos,10  Durango,2 500 a 4 999 hab.,45 a 49 años,2997,2614,1300,1314,383,176,207
916,Estados Unidos Mexicanos,10  Durango,2 500 a 4 999 hab.,50 a 54 años,2443,2099,1089,1010,344,158,186
917,Estados Unidos Mexicanos,10  Durango,2 500 a 4 999 hab.,55 a 59 años,1803,1470,841,629,333,136,197
918,Estados Unidos Mexicanos,10  Durango,2 500 a 4 999 hab.,60 a 64 años,1365,1079,606,473,286,127,159
919,Estados Unidos Mexicanos,10  Durango,2 500 a 4 999 hab.,65 y más años,3607,2415,1264,1151,1192,591,601
920,Estados Unidos Mexicanos,10  Durango,5 000 a 9 999 hab.,Total,30450,28112,13590,14522,2338,1094,1244
921,Estados Unidos Mexicanos,10  Durango,5 000 a 9 999 hab.,15 a 19 años,6939,6719,3302,3417,220,126,94
922,Estados Unidos Mexicanos,10  Durango,5 000 a 9 999 hab.,20 a 24 años,4549,4393,2069,2324,156,77,79
923,Estados Unidos Mexicanos,10  Durango,5 000 a 9 999 hab.,25 a 29 años,3264,3109,1424,1685,155,69,86
924,Estados Unidos Mexicanos,10  Durango,5 000 a 9 999 hab.,30 a 34 años,2817,2673,1272,1401,144,69,75
925,Estados Unidos Mexicanos,10  Durango,5 000 a 9 999 hab.,35 a 39 años,2557,2396,1146,1250,161,68,93
926,Estados Unidos Mexicanos,10  Durango,5 000 a 9 999 hab.,40 a 44 años,2267,2113,1039,1074,154,54,100
927,Estados Unidos Mexicanos,10  Durango,5 000 a 9 999 hab.,45 a 49 años,1968,1772,874,898,196,86,110
928,Estados Unidos Mexicanos,10  Durango,5 000 a 9 999 hab.,50 a 54 años,1524,1341,672,669,183,85,98
929,Estados Unidos Mexicanos,10  Durango,5 000 a 9 999 hab.,55 a 59 años,1227,1086,538,548,141,56,85
930,Estados Unidos Mexicanos,10  Durango,5 000 a 9 999 hab.,60 a 64 años,937,768,376,392,169,81,88
931,Estados Unidos Mexicanos,10  Durango,5 000 a 9 999 hab.,65 y más años,2401,1742,878,864,659,323,336
932,Estados Unidos Mexicanos,10  Durango,10 000 a 14 999 hab.,Total,24379,22416,11106,11310,1963,868,1095
933,Estados Unidos Mexicanos,10  Durango,10 000 a 14 999 hab.,15 a 19 años,5392,5246,2637,2609,146,67,79
934,Estados Unidos Mexicanos,10  Durango,10 000 a 14 999 hab.,20 a 24 años,3701,3565,1721,1844,136,68,68
935,Estados Unidos Mexicanos,10  Durango,10 000 a 14 999 hab.,25 a 29 años,2767,2637,1187,1450,130,61,69
936,Estados Unidos Mexicanos,10  Durango,10 000 a 14 999 hab.,30 a 34 años,2304,2208,1086,1122,96,46,50
937,Estados Unidos Mexicanos,10  Durango,10 000 a 14 999 hab.,35 a 39 años,2058,1932,969,963,126,47,79
938,Estados Unidos Mexicanos,10  Durango,10 000 a 14 999 hab.,40 a 44 años,1805,1645,817,828,160,73,87
939,Estados Unidos Mexicanos,10  Durango,10 000 a 14 999 hab.,45 a 49 años,1570,1402,691,711,168,58,110
940,Estados Unidos Mexicanos,10  Durango,10 000 a 14 999 hab.,50 a 54 años,1253,1097,576,521,156,56,100
941,Estados Unidos Mexicanos,10  Durango,10 000 a 14 999 hab.,55 a 59 años,982,840,447,393,142,64,78
942,Estados Unidos Mexicanos,10  Durango,10 000 a 14 999 hab.,60 a 64 años,762,625,318,307,137,55,82
943,Estados Unidos Mexicanos,10  Durango,10 000 a 14 999 hab.,65 y más años,1785,1219,657,562,566,273,293
944,Estados Unidos Mexicanos,10  Durango,15 000 a 19 999 hab.,Total,0,0,0,0,0,0,0
945,Estados Unidos Mexicanos,10  Durango,20 000 a 49 999 hab.,Total,19551,18525,8972,9553,1026,423,603
946,Estados Unidos Mexicanos,10  Durango,20 000 a 49 999 hab.,15 a 19 años,4174,4102,2004,2098,72,43,29
947,Estados Unidos Mexicanos,10  Durango,20 000 a 49 999 hab.,20 a 24 años,3249,3168,1539,1629,81,33,48
948,Estados Unidos Mexicanos,10  Durango,20 000 a 49 999 hab.,25 a 29 años,2282,2201,1073,1128,81,30,51
949,Estados Unidos Mexicanos,10  Durango,20 000 a 49 999 hab.,30 a 34 años,1764,1709,854,855,55,24,31
950,Estados Unidos Mexicanos,10  Durango,20 000 a 49 999 hab.,35 a 39 años,1653,1573,776,797,80,27,53
951,Estados Unidos Mexicanos,10  Durango,20 000 a 49 999 hab.,40 a 44 años,1443,1349,644,705,94,35,59
952,Estados Unidos Mexicanos,10  Durango,20 000 a 49 999 hab.,45 a 49 años,1220,1136,536,600,84,32,52
953,Estados Unidos Mexicanos,10  Durango,20 000 a 49 999 hab.,50 a 54 años,1014,909,419,490,105,45,60
954,Estados Unidos Mexicanos,10  Durango,20 000 a 49 999 hab.,55 a 59 años,788,724,354,370,64,28,36
955,Estados Unidos Mexicanos,10  Durango,20 000 a 49 999 hab.,60 a 64 años,559,491,247,244,68,30,38
956,Estados Unidos Mexicanos,10  Durango,20 000 a 49 999 hab.,65 y más años,1405,1163,526,637,242,96,146
957,Estados Unidos Mexicanos,10  Durango,50 000 a 99 999 hab.,Total,0,0,0,0,0,0,0
958,Estados Unidos Mexicanos,10  Durango,100 000  y más hab.,Total,214616,203405,96550,106855,11211,4618,6593
959,Estados Unidos Mexicanos,10  Durango,100 000  y más hab.,15 a 19 años,46124,45260,21863,23397,864,451,413
960,Estados Unidos Mexicanos,10  Durango,100 000  y más hab.,20 a 24 años,36672,35742,16929,18813,930,408,522
961,Estados Unidos Mexicanos,10  Durango,100 000  y más hab.,25 a 29 años,26859,26005,12337,13668,854,414,440
962,Estados Unidos Mexicanos,10  Durango,100 000  y más hab.,30 a 34 años,21284,20393,9579,10814,891,410,481
963,Estados Unidos Mexicanos,10  Durango,100 000  y más hab.,35 a 39 años,17760,16913,8031,8882,847,348,499
964,Estados Unidos Mexicanos,10  Durango,100 000  y más hab.,40 a 44 años,15327,14419,6739,7680,908,371,537
965,Estados Unidos Mexicanos,10  Durango,100 000  y más hab.,45 a 49 años,13075,12173,5868,6305,902,343,559
966,Estados Unidos Mexicanos,10  Durango,100 000  y más hab.,50 a 54 años,10411,9569,4476,5093,842,326,516
967,Estados Unidos Mexicanos,10  Durango,100 000  y más hab.,55 a 59 años,8043,7296,3538,3758,747,277,470
968,Estados Unidos Mexicanos,10  Durango,100 000  y más hab.,60 a 64 años,5594,4878,2275,2603,716,256,460
969,Estados Unidos Mexicanos,10  Durango,100 000  y más hab.,65 y más años,13467,10757,4915,5842,2710,1014,1696
970,Estados Unidos Mexicanos,11  Guanajuato,Total,Total,1633068,1240307,635690,604617,392761,158419,234342
971,Estados Unidos Mexicanos,11  Guanajuato,Total,15 a 19 años,346390,307117,152476,154641,39273,18177,21096
972,Estados Unidos Mexicanos,11  Guanajuato,Total,20 a 24 años,263340,225013,109989,115024,38327,15723,22604
973,Estados Unidos Mexicanos,11  Guanajuato,Total,25 a 29 años,198122,162468,81344,81124,35654,14138,21516
974,Estados Unidos Mexicanos,11  Guanajuato,Total,30 a 34 años,157290,123494,63563,59931,33796,13192,20604
975,Estados Unidos Mexicanos,11  Guanajuato,Total,35 a 39 años,139083,102861,53849,49012,36222,13687,22535
976,Estados Unidos Mexicanos,11  Guanajuato,Total,40 a 44 años,114184,79861,42666,37195,34323,13054,21269
977,Estados Unidos Mexicanos,11  Guanajuato,Total,45 a 49 años,97579,63950,34680,29270,33629,12766,20863
978,Estados Unidos Mexicanos,11  Guanajuato,Total,50 a 54 años,81429,49863,27652,22211,31566,12167,19399
979,Estados Unidos Mexicanos,11  Guanajuato,Total,55 a 59 años,62624,38111,21208,16903,24513,9730,14783
980,Estados Unidos Mexicanos,11  Guanajuato,Total,60 a 64 años,47944,27228,14719,12509,20716,8303,12413
981,Estados Unidos Mexicanos,11  Guanajuato,Total,65 y más años,125083,60341,33544,26797,64742,27482,37260
982,Estados Unidos Mexicanos,11  Guanajuato,1 a 2 499 hab.,Total,643579,415235,224761,190474,228344,98328,130016
983,Estados Unidos Mexicanos,11  Guanajuato,1 a 2 499 hab.,15 a 19 años,140138,114285,57692,56593,25853,12415,13438
984,Estados Unidos Mexicanos,11  Guanajuato,1 a 2 499 hab.,20 a 24 años,100568,76140,38655,37485,24428,10563,13865
985,Estados Unidos Mexicanos,11  Guanajuato,1 a 2 499 hab.,25 a 29 años,74222,52345,27801,24544,21877,9113,12764
986,Estados Unidos Mexicanos,11  Guanajuato,1 a 2 499 hab.,30 a 34 años,58235,38037,20677,17360,20198,8237,11961
987,Estados Unidos Mexicanos,11  Guanajuato,1 a 2 499 hab.,35 a 39 años,54308,32659,18166,14493,21649,8655,12994
988,Estados Unidos Mexicanos,11  Guanajuato,1 a 2 499 hab.,40 a 44 años,46198,26074,14973,11101,20124,8160,11964
989,Estados Unidos Mexicanos,11  Guanajuato,1 a 2 499 hab.,45 a 49 años,40224,21158,12427,8731,19066,7705,11361
990,Estados Unidos Mexicanos,11  Guanajuato,1 a 2 499 hab.,50 a 54 años,33438,15889,9867,6022,17549,7310,10239
991,Estados Unidos Mexicanos,11  Guanajuato,1 a 2 499 hab.,55 a 59 años,25255,12104,7502,4602,13151,5646,7505
992,Estados Unidos Mexicanos,11  Guanajuato,1 a 2 499 hab.,60 a 64 años,19949,8610,5330,3280,11339,4959,6380
993,Estados Unidos Mexicanos,11  Guanajuato,1 a 2 499 hab.,65 y más años,51044,17934,11671,6263,33110,15565,17545
994,Estados Unidos Mexicanos,11  Guanajuato,2 500 a 4 999 hab.,Total,52686,39377,19802,19575,13309,5626,7683
995,Estados Unidos Mexicanos,11  Guanajuato,2 500 a 4 999 hab.,15 a 19 años,11142,9985,4867,5118,1157,531,626
996,Estados Unidos Mexicanos,11  Guanajuato,2 500 a 4 999 hab.,20 a 24 años,7996,6837,3363,3474,1159,450,709
997,Estados Unidos Mexicanos,11  Guanajuato,2 500 a 4 999 hab.,25 a 29 años,5867,4718,2257,2461,1149,471,678
998,Estados Unidos Mexicanos,11  Guanajuato,2 500 a 4 999 hab.,30 a 34 años,5008,3886,1938,1948,1122,487,635
999,Estados Unidos Mexicanos,11  Guanajuato,2 500 a 4 999 hab.,35 a 39 años,4200,3146,1536,1610,1054,463,591
1000,Estados Unidos Mexicanos,11  Guanajuato,2 500 a 4 999 hab.,40 a 44 años,3646,2520,1297,1223,1126,453,673
1001,Estados Unidos Mexicanos,11  Guanajuato,2 500 a 4 999 hab.,45 a 49 años,3294,2081,1103,978,1213,524,689
1002,Estados Unidos Mexicanos,11  Guanajuato,2 500 a 4 999 hab.,50 a 54 años,2898,1726,964,762,1172,464,708
1003,Estados Unidos Mexicanos,11  Guanajuato,2 500 a 4 999 hab.,55 a 59 años,2034,1208,715,493,826,338,488
1004,Estados Unidos Mexicanos,11  Guanajuato,2 500 a 4 999 hab.,60 a 64 años,1639,954,480,474,685,278,407
1005,Estados Unidos Mexicanos,11  Guanajuato,2 500 a 4 999 hab.,65 y más años,4962,2316,1282,1034,2646,1167,1479
1006,Estados Unidos Mexicanos,11  Guanajuato,5 000 a 9 999 hab.,Total,81080,61246,30565,30681,19834,8207,11627
1007,Estados Unidos Mexicanos,11  Guanajuato,5 000 a 9 999 hab.,15 a 19 años,17441,15945,7795,8150,1496,654,842
1008,Estados Unidos Mexicanos,11  Guanajuato,5 000 a 9 999 hab.,20 a 24 años,12395,10694,5085,5609,1701,685,1016
1009,Estados Unidos Mexicanos,11  Guanajuato,5 000 a 9 999 hab.,25 a 29 años,9009,7285,3508,3777,1724,701,1023
1010,Estados Unidos Mexicanos,11  Guanajuato,5 000 a 9 999 hab.,30 a 34 años,7438,5777,2893,2884,1661,712,949
1011,Estados Unidos Mexicanos,11  Guanajuato,5 000 a 9 999 hab.,35 a 39 años,6738,5034,2565,2469,1704,687,1017
1012,Estados Unidos Mexicanos,11  Guanajuato,5 000 a 9 999 hab.,40 a 44 años,5757,4005,1989,2016,1752,745,1007
1013,Estados Unidos Mexicanos,11  Guanajuato,5 000 a 9 999 hab.,45 a 49 años,5123,3260,1750,1510,1863,763,1100
1014,Estados Unidos Mexicanos,11  Guanajuato,5 000 a 9 999 hab.,50 a 54 años,4233,2584,1381,1203,1649,615,1034
1015,Estados Unidos Mexicanos,11  Guanajuato,5 000 a 9 999 hab.,55 a 59 años,3183,1924,1052,872,1259,487,772
1016,Estados Unidos Mexicanos,11  Guanajuato,5 000 a 9 999 hab.,60 a 64 años,2542,1386,724,662,1156,492,664
1017,Estados Unidos Mexicanos,11  Guanajuato,5 000 a 9 999 hab.,65 y más años,7221,3352,1823,1529,3869,1666,2203
1018,Estados Unidos Mexicanos,11  Guanajuato,10 000 a 14 999 hab.,Total,53256,41456,20910,20546,11800,4676,7124
1019,Estados Unidos Mexicanos,11  Guanajuato,10 000 a 14 999 hab.,15 a 19 años,11024,10082,4997,5085,942,437,505
1020,Estados Unidos Mexicanos,11  Guanajuato,10 000 a 14 999 hab.,20 a 24 años,8323,7343,3490,3853,980,378,602
1021,Estados Unidos Mexicanos,11  Guanajuato,10 000 a 14 999 hab.,25 a 29 años,6141,5188,2562,2626,953,382,571
1022,Estados Unidos Mexicanos,11  Guanajuato,10 000 a 14 999 hab.,30 a 34 años,4869,4049,2089,1960,820,316,504
1023,Estados Unidos Mexicanos,11  Guanajuato,10 000 a 14 999 hab.,35 a 39 años,4470,3514,1775,1739,956,340,616
1024,Estados Unidos Mexicanos,11  Guanajuato,10 000 a 14 999 hab.,40 a 44 años,3548,2583,1337,1246,965,344,621
1025,Estados Unidos Mexicanos,11  Guanajuato,10 000 a 14 999 hab.,45 a 49 años,3171,2165,1064,1101,1006,398,608
1026,Estados Unidos Mexicanos,11  Guanajuato,10 000 a 14 999 hab.,50 a 54 años,2827,1793,978,815,1034,404,630
1027,Estados Unidos Mexicanos,11  Guanajuato,10 000 a 14 999 hab.,55 a 59 años,2276,1410,805,605,866,338,528
1028,Estados Unidos Mexicanos,11  Guanajuato,10 000 a 14 999 hab.,60 a 64 años,1676,943,509,434,733,288,445
1029,Estados Unidos Mexicanos,11  Guanajuato,10 000 a 14 999 hab.,65 y más años,4931,2386,1304,1082,2545,1051,1494
1030,Estados Unidos Mexicanos,11  Guanajuato,15 000 a 19 999 hab.,Total,31772,25968,12654,13314,5804,2155,3649
1031,Estados Unidos Mexicanos,11  Guanajuato,15 000 a 19 999 hab.,15 a 19 años,6751,6267,3001,3266,484,201,283
1032,Estados Unidos Mexicanos,11  Guanajuato,15 000 a 19 999 hab.,20 a 24 años,4939,4422,2002,2420,517,199,318
1033,Estados Unidos Mexicanos,11  Guanajuato,15 000 a 19 999 hab.,25 a 29 años,3666,3202,1520,1682,464,164,300
1034,Estados Unidos Mexicanos,11  Guanajuato,15 000 a 19 999 hab.,30 a 34 años,2935,2426,1248,1178,509,184,325
1035,Estados Unidos Mexicanos,11  Guanajuato,15 000 a 19 999 hab.,35 a 39 años,2643,2160,1068,1092,483,171,312
1036,Estados Unidos Mexicanos,11  Guanajuato,15 000 a 19 999 hab.,40 a 44 años,2329,1856,929,927,473,163,310
1037,Estados Unidos Mexicanos,11  Guanajuato,15 000 a 19 999 hab.,45 a 49 años,1889,1417,721,696,472,149,323
1038,Estados Unidos Mexicanos,11  Guanajuato,15 000 a 19 999 hab.,50 a 54 años,1661,1152,605,547,509,180,329
1039,Estados Unidos Mexicanos,11  Guanajuato,15 000 a 19 999 hab.,55 a 59 años,1220,855,441,414,365,147,218
1040,Estados Unidos Mexicanos,11  Guanajuato,15 000 a 19 999 hab.,60 a 64 años,979,649,313,336,330,136,194
1041,Estados Unidos Mexicanos,11  Guanajuato,15 000 a 19 999 hab.,65 y más años,2760,1562,806,756,1198,461,737
1042,Estados Unidos Mexicanos,11  Guanajuato,20 000 a 49 999 hab.,Total,213321,178807,88434,90373,34514,12065,22449
1043,Estados Unidos Mexicanos,11  Guanajuato,20 000 a 49 999 hab.,15 a 19 años,43929,41597,20461,21136,2332,928,1404
1044,Estados Unidos Mexicanos,11  Guanajuato,20 000 a 49 999 hab.,20 a 24 años,34990,32496,15551,16945,2494,879,1615
1045,Estados Unidos Mexicanos,11  Guanajuato,20 000 a 49 999 hab.,25 a 29 años,25812,23161,11388,11773,2651,882,1769
1046,Estados Unidos Mexicanos,11  Guanajuato,20 000 a 49 999 hab.,30 a 34 años,19873,17344,8560,8784,2529,883,1646
1047,Estados Unidos Mexicanos,11  Guanajuato,20 000 a 49 999 hab.,35 a 39 años,17539,14507,7244,7263,3032,1006,2026
1048,Estados Unidos Mexicanos,11  Guanajuato,20 000 a 49 999 hab.,40 a 44 años,14656,11624,5928,5696,3032,1047,1985
1049,Estados Unidos Mexicanos,11  Guanajuato,20 000 a 49 999 hab.,45 a 49 años,12530,9431,4848,4583,3099,1015,2084
1050,Estados Unidos Mexicanos,11  Guanajuato,20 000 a 49 999 hab.,50 a 54 años,10629,7644,3890,3754,2985,1008,1977
1051,Estados Unidos Mexicanos,11  Guanajuato,20 000 a 49 999 hab.,55 a 59 años,8525,6005,3026,2979,2520,882,1638
1052,Estados Unidos Mexicanos,11  Guanajuato,20 000 a 49 999 hab.,60 a 64 años,6621,4417,2216,2201,2204,703,1501
1053,Estados Unidos Mexicanos,11  Guanajuato,20 000 a 49 999 hab.,65 y más años,18217,10581,5322,5259,7636,2832,4804
1054,Estados Unidos Mexicanos,11  Guanajuato,50 000 a 99 999 hab.,Total,55386,48710,24458,24252,6676,2132,4544
1055,Estados Unidos Mexicanos,11  Guanajuato,50 000 a 99 999 hab.,15 a 19 años,10859,10485,5208,5277,374,132,242
1056,Estados Unidos Mexicanos,11  Guanajuato,50 000 a 99 999 hab.,20 a 24 años,9012,8498,4028,4470,514,180,334
1057,Estados Unidos Mexicanos,11  Guanajuato,50 000 a 99 999 hab.,25 a 29 años,7722,7165,3561,3604,557,189,368
1058,Estados Unidos Mexicanos,11  Guanajuato,50 000 a 99 999 hab.,30 a 34 años,6180,5648,2792,2856,532,149,383
1059,Estados Unidos Mexicanos,11  Guanajuato,50 000 a 99 999 hab.,35 a 39 años,5024,4429,2323,2106,595,175,420
1060,Estados Unidos Mexicanos,11  Guanajuato,50 000 a 99 999 hab.,40 a 44 años,3989,3398,1816,1582,591,151,440
1061,Estados Unidos Mexicanos,11  Guanajuato,50 000 a 99 999 hab.,45 a 49 años,3287,2606,1360,1246,681,221,460
1062,Estados Unidos Mexicanos,11  Guanajuato,50 000 a 99 999 hab.,50 a 54 años,2484,1925,1025,900,559,177,382
1063,Estados Unidos Mexicanos,11  Guanajuato,50 000 a 99 999 hab.,55 a 59 años,1914,1432,708,724,482,170,312
1064,Estados Unidos Mexicanos,11  Guanajuato,50 000 a 99 999 hab.,60 a 64 años,1329,957,493,464,372,115,257
1065,Estados Unidos Mexicanos,11  Guanajuato,50 000 a 99 999 hab.,65 y más años,3586,2167,1144,1023,1419,473,946
1066,Estados Unidos Mexicanos,11  Guanajuato,100 000  y más hab.,Total,501988,429508,214106,215402,72480,25230,47250
1067,Estados Unidos Mexicanos,11  Guanajuato,100 000  y más hab.,15 a 19 años,105106,98471,48455,50016,6635,2879,3756
1068,Estados Unidos Mexicanos,11  Guanajuato,100 000  y más hab.,20 a 24 años,85117,78583,37815,40768,6534,2389,4145
1069,Estados Unidos Mexicanos,11  Guanajuato,100 000  y más hab.,25 a 29 años,65683,59404,28747,30657,6279,2236,4043
1070,Estados Unidos Mexicanos,11  Guanajuato,100 000  y más hab.,30 a 34 años,52752,46327,23366,22961,6425,2224,4201
1071,Estados Unidos Mexicanos,11  Guanajuato,100 000  y más hab.,35 a 39 años,44161,37412,19172,18240,6749,2190,4559
1072,Estados Unidos Mexicanos,11  Guanajuato,100 000  y más hab.,40 a 44 años,34061,27801,14397,13404,6260,1991,4269
1073,Estados Unidos Mexicanos,11  Guanajuato,100 000  y más hab.,45 a 49 años,28061,21832,11407,10425,6229,1991,4238
1074,Estados Unidos Mexicanos,11  Guanajuato,100 000  y más hab.,50 a 54 años,23259,17150,8942,8208,6109,2009,4100
1075,Estados Unidos Mexicanos,11  Guanajuato,100 000  y más hab.,55 a 59 años,18217,13173,6959,6214,5044,1722,3322
1076,Estados Unidos Mexicanos,11  Guanajuato,100 000  y más hab.,60 a 64 años,13209,9312,4654,4658,3897,1332,2565
1077,Estados Unidos Mexicanos,11  Guanajuato,100 000  y más hab.,65 y más años,32362,20043,10192,9851,12319,4267,8052
1078,Estados Unidos Mexicanos,12  Guerrero,Total,Total,1147108,738840,392814,346026,408268,171171,237097
1079,Estados Unidos Mexicanos,12  Guerrero,Total,15 a 19 años,236684,199272,101110,98162,37412,16216,21196
1080,Estados Unidos Mexicanos,12  Guerrero,Total,20 a 24 años,169598,129258,65368,63890,40340,16287,24053
1081,Estados Unidos Mexicanos,12  Guerrero,Total,25 a 29 años,139003,95763,49875,45888,43240,17695,25545
1082,Estados Unidos Mexicanos,12  Guerrero,Total,30 a 34 años,110244,70782,38055,32727,39462,16128,23334
1083,Estados Unidos Mexicanos,12  Guerrero,Total,35 a 39 años,111347,63981,34707,29274,47366,19201,28165
1084,Estados Unidos Mexicanos,12  Guerrero,Total,40 a 44 años,87037,47699,26495,21204,39338,16369,22969
1085,Estados Unidos Mexicanos,12  Guerrero,Total,45 a 49 años,75959,39738,22737,17001,36221,15055,21166
1086,Estados Unidos Mexicanos,12  Guerrero,Total,50 a 54 años,57505,28087,16619,11468,29418,12442,16976
1087,Estados Unidos Mexicanos,12  Guerrero,Total,55 a 59 años,41025,20241,12078,8163,20784,9148,11636
1088,Estados Unidos Mexicanos,12  Guerrero,Total,60 a 64 años,36474,14623,8766,5857,21851,9436,12415
1089,Estados Unidos Mexicanos,12  Guerrero,Total,65 y más años,82232,29396,17004,12392,52836,23194,29642
1090,Estados Unidos Mexicanos,12  Guerrero,1 a 2 499 hab.,Total,638756,331866,187816,144050,306890,133463,173427
1091,Estados Unidos Mexicanos,12  Guerrero,1 a 2 499 hab.,15 a 19 años,130141,99324,52695,46629,30817,13515,17302
1092,Estados Unidos Mexicanos,12  Guerrero,1 a 2 499 hab.,20 a 24 años,90006,57861,31276,26585,32145,13238,18907
1093,Estados Unidos Mexicanos,12  Guerrero,1 a 2 499 hab.,25 a 29 años,75938,41290,23028,18262,34648,14394,20254
1094,Estados Unidos Mexicanos,12  Guerrero,1 a 2 499 hab.,30 a 34 años,59595,29126,16746,12380,30469,12718,17751
1095,Estados Unidos Mexicanos,12  Guerrero,1 a 2 499 hab.,35 a 39 años,63957,27951,16181,11770,36006,15162,20844
1096,Estados Unidos Mexicanos,12  Guerrero,1 a 2 499 hab.,40 a 44 años,48883,20096,11956,8140,28787,12573,16214
1097,Estados Unidos Mexicanos,12  Guerrero,1 a 2 499 hab.,45 a 49 años,42909,16827,10316,6511,26082,11469,14613
1098,Estados Unidos Mexicanos,12  Guerrero,1 a 2 499 hab.,50 a 54 años,32864,11858,7627,4231,21006,9310,11696
1099,Estados Unidos Mexicanos,12  Guerrero,1 a 2 499 hab.,55 a 59 años,23138,8504,5536,2968,14634,6764,7870
1100,Estados Unidos Mexicanos,12  Guerrero,1 a 2 499 hab.,60 a 64 años,21944,6304,4171,2133,15640,7128,8512
1101,Estados Unidos Mexicanos,12  Guerrero,1 a 2 499 hab.,65 y más años,49381,12725,8284,4441,36656,17192,19464
1102,Estados Unidos Mexicanos,12  Guerrero,2 500 a 4 999 hab.,Total,89280,60372,31664,28708,28908,11859,17049
1103,Estados Unidos Mexicanos,12  Guerrero,2 500 a 4 999 hab.,15 a 19 años,18555,16407,8412,7995,2148,951,1197
1104,Estados Unidos Mexicanos,12  Guerrero,2 500 a 4 999 hab.,20 a 24 años,11592,9294,4690,4604,2298,923,1375
1105,Estados Unidos Mexicanos,12  Guerrero,2 500 a 4 999 hab.,25 a 29 años,9037,6787,3425,3362,2250,944,1306
1106,Estados Unidos Mexicanos,12  Guerrero,2 500 a 4 999 hab.,30 a 34 años,7812,5430,2729,2701,2382,979,1403
1107,Estados Unidos Mexicanos,12  Guerrero,2 500 a 4 999 hab.,35 a 39 años,8276,5072,2647,2425,3204,1247,1957
1108,Estados Unidos Mexicanos,12  Guerrero,2 500 a 4 999 hab.,40 a 44 años,7119,4175,2250,1925,2944,1183,1761
1109,Estados Unidos Mexicanos,12  Guerrero,2 500 a 4 999 hab.,45 a 49 años,6464,3565,1987,1578,2899,1161,1738
1110,Estados Unidos Mexicanos,12  Guerrero,2 500 a 4 999 hab.,50 a 54 años,5007,2667,1514,1153,2340,970,1370
1111,Estados Unidos Mexicanos,12  Guerrero,2 500 a 4 999 hab.,55 a 59 años,3672,1994,1159,835,1678,737,941
1112,Estados Unidos Mexicanos,12  Guerrero,2 500 a 4 999 hab.,60 a 64 años,3445,1528,871,657,1917,798,1119
1113,Estados Unidos Mexicanos,12  Guerrero,2 500 a 4 999 hab.,65 y más años,8301,3453,1980,1473,4848,1966,2882
1114,Estados Unidos Mexicanos,12  Guerrero,5 000 a 9 999 hab.,Total,60862,44767,23038,21729,16095,6373,9722
1115,Estados Unidos Mexicanos,12  Guerrero,5 000 a 9 999 hab.,15 a 19 años,12962,11665,5799,5866,1297,545,752
1116,Estados Unidos Mexicanos,12  Guerrero,5 000 a 9 999 hab.,20 a 24 años,8997,7578,3687,3891,1419,565,854
1117,Estados Unidos Mexicanos,12  Guerrero,5 000 a 9 999 hab.,25 a 29 años,7281,5788,2936,2852,1493,637,856
1118,Estados Unidos Mexicanos,12  Guerrero,5 000 a 9 999 hab.,30 a 34 años,5821,4296,2256,2040,1525,608,917
1119,Estados Unidos Mexicanos,12  Guerrero,5 000 a 9 999 hab.,35 a 39 años,5599,3819,1956,1863,1780,671,1109
1120,Estados Unidos Mexicanos,12  Guerrero,5 000 a 9 999 hab.,40 a 44 años,4436,2943,1606,1337,1493,597,896
1121,Estados Unidos Mexicanos,12  Guerrero,5 000 a 9 999 hab.,45 a 49 años,3920,2467,1386,1081,1453,541,912
1122,Estados Unidos Mexicanos,12  Guerrero,5 000 a 9 999 hab.,50 a 54 años,3173,1864,1064,800,1309,531,778
1123,Estados Unidos Mexicanos,12  Guerrero,5 000 a 9 999 hab.,55 a 59 años,2184,1282,726,556,902,348,554
1124,Estados Unidos Mexicanos,12  Guerrero,5 000 a 9 999 hab.,60 a 64 años,1951,1018,569,449,933,356,577
1125,Estados Unidos Mexicanos,12  Guerrero,5 000 a 9 999 hab.,65 y más años,4538,2047,1053,994,2491,974,1517
1126,Estados Unidos Mexicanos,12  Guerrero,10 000 a 14 999 hab.,Total,72521,55215,27855,27360,17306,6523,10783
1127,Estados Unidos Mexicanos,12  Guerrero,10 000 a 14 999 hab.,15 a 19 años,15191,14126,6827,7299,1065,419,646
1128,Estados Unidos Mexicanos,12  Guerrero,10 000 a 14 999 hab.,20 a 24 años,10822,9422,4462,4960,1400,527,873
1129,Estados Unidos Mexicanos,12  Guerrero,10 000 a 14 999 hab.,25 a 29 años,8066,6720,3374,3346,1346,516,830
1130,Estados Unidos Mexicanos,12  Guerrero,10 000 a 14 999 hab.,30 a 34 años,6673,5144,2660,2484,1529,581,948
1131,Estados Unidos Mexicanos,12  Guerrero,10 000 a 14 999 hab.,35 a 39 años,6481,4594,2358,2236,1887,692,1195
1132,Estados Unidos Mexicanos,12  Guerrero,10 000 a 14 999 hab.,40 a 44 años,5378,3592,1865,1727,1786,651,1135
1133,Estados Unidos Mexicanos,12  Guerrero,10 000 a 14 999 hab.,45 a 49 años,4740,3088,1680,1408,1652,573,1079
1134,Estados Unidos Mexicanos,12  Guerrero,10 000 a 14 999 hab.,50 a 54 años,3585,2215,1222,993,1370,529,841
1135,Estados Unidos Mexicanos,12  Guerrero,10 000 a 14 999 hab.,55 a 59 años,2771,1729,950,779,1042,430,612
1136,Estados Unidos Mexicanos,12  Guerrero,10 000 a 14 999 hab.,60 a 64 años,2492,1376,773,603,1116,413,703
1137,Estados Unidos Mexicanos,12  Guerrero,10 000 a 14 999 hab.,65 y más años,6322,3209,1684,1525,3113,1192,1921
1138,Estados Unidos Mexicanos,12  Guerrero,15 000 a 19 999 hab.,Total,8482,6401,3348,3053,2081,756,1325
1139,Estados Unidos Mexicanos,12  Guerrero,15 000 a 19 999 hab.,15 a 19 años,1924,1800,919,881,124,55,69
1140,Estados Unidos Mexicanos,12  Guerrero,15 000 a 19 999 hab.,20 a 24 años,1231,1095,541,554,136,44,92
1141,Estados Unidos Mexicanos,12  Guerrero,15 000 a 19 999 hab.,25 a 29 años,962,789,393,396,173,50,123
1142,Estados Unidos Mexicanos,12  Guerrero,15 000 a 19 999 hab.,30 a 34 años,729,572,311,261,157,58,99
1143,Estados Unidos Mexicanos,12  Guerrero,15 000 a 19 999 hab.,35 a 39 años,735,491,254,237,244,84,160
1144,Estados Unidos Mexicanos,12  Guerrero,15 000 a 19 999 hab.,40 a 44 años,590,414,215,199,176,59,117
1145,Estados Unidos Mexicanos,12  Guerrero,15 000 a 19 999 hab.,45 a 49 años,524,312,184,128,212,70,142
1146,Estados Unidos Mexicanos,12  Guerrero,15 000 a 19 999 hab.,50 a 54 años,441,269,168,101,172,60,112
1147,Estados Unidos Mexicanos,12  Guerrero,15 000 a 19 999 hab.,55 a 59 años,293,183,94,89,110,47,63
1148,Estados Unidos Mexicanos,12  Guerrero,15 000 a 19 999 hab.,60 a 64 años,305,149,80,69,156,60,96
1149,Estados Unidos Mexicanos,12  Guerrero,15 000 a 19 999 hab.,65 y más años,748,327,189,138,421,169,252
1150,Estados Unidos Mexicanos,12  Guerrero,20 000 a 49 999 hab.,Total,20693,18132,8922,9210,2561,788,1773
1151,Estados Unidos Mexicanos,12  Guerrero,20 000 a 49 999 hab.,15 a 19 años,4075,3982,1921,2061,93,33,60
1152,Estados Unidos Mexicanos,12  Guerrero,20 000 a 49 999 hab.,20 a 24 años,3278,3136,1464,1672,142,64,78
1153,Estados Unidos Mexicanos,12  Guerrero,20 000 a 49 999 hab.,25 a 29 años,2575,2406,1196,1210,169,64,105
1154,Estados Unidos Mexicanos,12  Guerrero,20 000 a 49 999 hab.,30 a 34 años,2084,1918,987,931,166,42,124
1155,Estados Unidos Mexicanos,12  Guerrero,20 000 a 49 999 hab.,35 a 39 años,1888,1643,804,839,245,82,163
1156,Estados Unidos Mexicanos,12  Guerrero,20 000 a 49 999 hab.,40 a 44 años,1578,1308,643,665,270,83,187
1157,Estados Unidos Mexicanos,12  Guerrero,20 000 a 49 999 hab.,45 a 49 años,1456,1137,582,555,319,96,223
1158,Estados Unidos Mexicanos,12  Guerrero,20 000 a 49 999 hab.,50 a 54 años,1049,795,427,368,254,68,186
1159,Estados Unidos Mexicanos,12  Guerrero,20 000 a 49 999 hab.,55 a 59 años,816,588,291,297,228,55,173
1160,Estados Unidos Mexicanos,12  Guerrero,20 000 a 49 999 hab.,60 a 64 años,555,403,216,187,152,49,103
1161,Estados Unidos Mexicanos,12  Guerrero,20 000 a 49 999 hab.,65 y más años,1339,816,391,425,523,152,371
1162,Estados Unidos Mexicanos,12  Guerrero,50 000 a 99 999 hab.,Total,78124,66738,33100,33638,11386,3954,7432
1163,Estados Unidos Mexicanos,12  Guerrero,50 000 a 99 999 hab.,15 a 19 años,17813,17175,8124,9051,638,258,380
1164,Estados Unidos Mexicanos,12  Guerrero,50 000 a 99 999 hab.,20 a 24 años,13560,12665,6211,6454,895,308,587
1165,Estados Unidos Mexicanos,12  Guerrero,50 000 a 99 999 hab.,25 a 29 años,9561,8681,4375,4306,880,306,574
1166,Estados Unidos Mexicanos,12  Guerrero,50 000 a 99 999 hab.,30 a 34 años,7426,6428,3201,3227,998,337,661
1167,Estados Unidos Mexicanos,12  Guerrero,50 000 a 99 999 hab.,35 a 39 años,6964,5669,2837,2832,1295,433,862
1168,Estados Unidos Mexicanos,12  Guerrero,50 000 a 99 999 hab.,40 a 44 años,5332,4234,2105,2129,1098,351,747
1169,Estados Unidos Mexicanos,12  Guerrero,50 000 a 99 999 hab.,45 a 49 años,4672,3493,1780,1713,1179,414,765
1170,Estados Unidos Mexicanos,12  Guerrero,50 000 a 99 999 hab.,50 a 54 años,3415,2457,1329,1128,958,303,655
1171,Estados Unidos Mexicanos,12  Guerrero,50 000 a 99 999 hab.,55 a 59 años,2599,1870,1032,838,729,264,465
1172,Estados Unidos Mexicanos,12  Guerrero,50 000 a 99 999 hab.,60 a 64 años,2003,1283,661,622,720,253,467
1173,Estados Unidos Mexicanos,12  Guerrero,50 000 a 99 999 hab.,65 y más años,4779,2783,1445,1338,1996,727,1269
1174,Estados Unidos Mexicanos,12  Guerrero,100 000  y más hab.,Total,178390,155349,77071,78278,23041,7455,15586
1175,Estados Unidos Mexicanos,12  Guerrero,100 000  y más hab.,15 a 19 años,36023,34793,16413,18380,1230,440,790
1176,Estados Unidos Mexicanos,12  Guerrero,100 000  y más hab.,20 a 24 años,30112,28207,13037,15170,1905,618,1287
1177,Estados Unidos Mexicanos,12  Guerrero,100 000  y más hab.,25 a 29 años,25583,23302,11148,12154,2281,784,1497
1178,Estados Unidos Mexicanos,12  Guerrero,100 000  y más hab.,30 a 34 años,20104,17868,9165,8703,2236,805,1431
1179,Estados Unidos Mexicanos,12  Guerrero,100 000  y más hab.,35 a 39 años,17447,14742,7670,7072,2705,830,1875
1180,Estados Unidos Mexicanos,12  Guerrero,100 000  y más hab.,40 a 44 años,13721,10937,5855,5082,2784,872,1912
1181,Estados Unidos Mexicanos,12  Guerrero,100 000  y más hab.,45 a 49 años,11274,8849,4822,4027,2425,731,1694
1182,Estados Unidos Mexicanos,12  Guerrero,100 000  y más hab.,50 a 54 años,7971,5962,3268,2694,2009,671,1338
1183,Estados Unidos Mexicanos,12  Guerrero,100 000  y más hab.,55 a 59 años,5552,4091,2290,1801,1461,503,958
1184,Estados Unidos Mexicanos,12  Guerrero,100 000  y más hab.,60 a 64 años,3779,2562,1425,1137,1217,379,838
1185,Estados Unidos Mexicanos,12  Guerrero,100 000  y más hab.,65 y más años,6824,4036,1978,2058,2788,822,1966
1186,Estados Unidos Mexicanos,13  Hidalgo,Total,Total,851019,596005,321835,274170,255014,103442,151572
1187,Estados Unidos Mexicanos,13  Hidalgo,Total,15 a 19 años,166860,148191,76422,71769,18669,8292,10377
1188,Estados Unidos Mexicanos,13  Hidalgo,Total,20 a 24 años,129627,107345,54948,52397,22282,8812,13470
1189,Estados Unidos Mexicanos,13  Hidalgo,Total,25 a 29 años,105335,79310,41703,37607,26025,10569,15456
1190,Estados Unidos Mexicanos,13  Hidalgo,Total,30 a 34 años,83292,59834,32799,27035,23458,9694,13764
1191,Estados Unidos Mexicanos,13  Hidalgo,Total,35 a 39 años,80555,51647,28508,23139,28908,11620,17288
1192,Estados Unidos Mexicanos,13  Hidalgo,Total,40 a 44 años,61809,38427,22086,16341,23382,9699,13683
1193,Estados Unidos Mexicanos,13  Hidalgo,Total,45 a 49 años,54229,31471,18134,13337,22758,9232,13526
1194,Estados Unidos Mexicanos,13  Hidalgo,Total,50 a 54 años,42677,23373,13724,9649,19304,7596,11708
1195,Estados Unidos Mexicanos,13  Hidalgo,Total,55 a 59 años,34490,18682,11338,7344,15808,6497,9311
1196,Estados Unidos Mexicanos,13  Hidalgo,Total,60 a 64 años,28345,13047,7836,5211,15298,6074,9224
1197,Estados Unidos Mexicanos,13  Hidalgo,Total,65 y más años,63800,24678,14337,10341,39122,15357,23765
1198,Estados Unidos Mexicanos,13  Hidalgo,1 a 2 499 hab.,Total,561021,346734,197925,148809,214287,89771,124516
1199,Estados Unidos Mexicanos,13  Hidalgo,1 a 2 499 hab.,15 a 19 años,107352,91439,48912,42527,15913,7169,8744
1200,Estados Unidos Mexicanos,13  Hidalgo,1 a 2 499 hab.,20 a 24 años,80749,61778,33250,28528,18971,7619,11352
1201,Estados Unidos Mexicanos,13  Hidalgo,1 a 2 499 hab.,25 a 29 años,67798,45398,24998,20400,22400,9171,13229
1202,Estados Unidos Mexicanos,13  Hidalgo,1 a 2 499 hab.,30 a 34 años,53855,33734,19517,14217,20121,8538,11583
1203,Estados Unidos Mexicanos,13  Hidalgo,1 a 2 499 hab.,35 a 39 años,54994,30309,17751,12558,24685,10147,14538
1204,Estados Unidos Mexicanos,13  Hidalgo,1 a 2 499 hab.,40 a 44 años,41804,21989,13586,8403,19815,8497,11318
1205,Estados Unidos Mexicanos,13  Hidalgo,1 a 2 499 hab.,45 a 49 años,37229,18055,11152,6903,19174,8069,11105
1206,Estados Unidos Mexicanos,13  Hidalgo,1 a 2 499 hab.,50 a 54 años,29051,13028,8357,4671,16023,6552,9471
1207,Estados Unidos Mexicanos,13  Hidalgo,1 a 2 499 hab.,55 a 59 años,23479,10511,6952,3559,12968,5592,7376
1208,Estados Unidos Mexicanos,13  Hidalgo,1 a 2 499 hab.,60 a 64 años,20007,7302,4814,2488,12705,5287,7418
1209,Estados Unidos Mexicanos,13  Hidalgo,1 a 2 499 hab.,65 y más años,44703,13191,8636,4555,31512,13130,18382
1210,Estados Unidos Mexicanos,13  Hidalgo,2 500 a 4 999 hab.,Total,56730,40758,21631,19127,15972,6174,9798
1211,Estados Unidos Mexicanos,13  Hidalgo,2 500 a 4 999 hab.,15 a 19 años,11173,9824,5033,4791,1349,548,801
1212,Estados Unidos Mexicanos,13  Hidalgo,2 500 a 4 999 hab.,20 a 24 años,8591,7115,3627,3488,1476,572,904
1213,Estados Unidos Mexicanos,13  Hidalgo,2 500 a 4 999 hab.,25 a 29 años,6928,5252,2727,2525,1676,687,989
1214,Estados Unidos Mexicanos,13  Hidalgo,2 500 a 4 999 hab.,30 a 34 años,5312,3917,2123,1794,1395,543,852
1215,Estados Unidos Mexicanos,13  Hidalgo,2 500 a 4 999 hab.,35 a 39 años,5137,3468,1832,1636,1669,671,998
1216,Estados Unidos Mexicanos,13  Hidalgo,2 500 a 4 999 hab.,40 a 44 años,4093,2671,1507,1164,1422,554,868
1217,Estados Unidos Mexicanos,13  Hidalgo,2 500 a 4 999 hab.,45 a 49 años,3545,2173,1207,966,1372,516,856
1218,Estados Unidos Mexicanos,13  Hidalgo,2 500 a 4 999 hab.,50 a 54 años,2933,1738,955,783,1195,470,725
1219,Estados Unidos Mexicanos,13  Hidalgo,2 500 a 4 999 hab.,55 a 59 años,2364,1422,827,595,942,385,557
1220,Estados Unidos Mexicanos,13  Hidalgo,2 500 a 4 999 hab.,60 a 64 años,1961,1011,604,407,950,338,612
1221,Estados Unidos Mexicanos,13  Hidalgo,2 500 a 4 999 hab.,65 y más años,4693,2167,1189,978,2526,890,1636
1222,Estados Unidos Mexicanos,13  Hidalgo,5 000 a 9 999 hab.,Total,42863,37141,18738,18403,5722,1903,3819
1223,Estados Unidos Mexicanos,13  Hidalgo,5 000 a 9 999 hab.,15 a 19 años,8840,8530,4208,4322,310,151,159
1224,Estados Unidos Mexicanos,13  Hidalgo,5 000 a 9 999 hab.,20 a 24 años,7255,6873,3314,3559,382,135,247
1225,Estados Unidos Mexicanos,13  Hidalgo,5 000 a 9 999 hab.,25 a 29 años,5536,5110,2517,2593,426,182,244
1226,Estados Unidos Mexicanos,13  Hidalgo,5 000 a 9 999 hab.,30 a 34 años,4470,4057,2080,1977,413,138,275
1227,Estados Unidos Mexicanos,13  Hidalgo,5 000 a 9 999 hab.,35 a 39 años,3843,3237,1646,1591,606,219,387
1228,Estados Unidos Mexicanos,13  Hidalgo,5 000 a 9 999 hab.,40 a 44 años,2743,2284,1194,1090,459,150,309
1229,Estados Unidos Mexicanos,13  Hidalgo,5 000 a 9 999 hab.,45 a 49 años,2522,1939,1009,930,583,166,417
1230,Estados Unidos Mexicanos,13  Hidalgo,5 000 a 9 999 hab.,50 a 54 años,1977,1461,786,675,516,149,367
1231,Estados Unidos Mexicanos,13  Hidalgo,5 000 a 9 999 hab.,55 a 59 años,1650,1203,661,542,447,140,307
1232,Estados Unidos Mexicanos,13  Hidalgo,5 000 a 9 999 hab.,60 a 64 años,1251,853,475,378,398,129,269
1233,Estados Unidos Mexicanos,13  Hidalgo,5 000 a 9 999 hab.,65 y más años,2776,1594,848,746,1182,344,838
1234,Estados Unidos Mexicanos,13  Hidalgo,10 000 a 14 999 hab.,Total,41713,35228,17897,17331,6485,2241,4244
1235,Estados Unidos Mexicanos,13  Hidalgo,10 000 a 14 999 hab.,15 a 19 años,8965,8631,4236,4395,334,143,191
1236,Estados Unidos Mexicanos,13  Hidalgo,10 000 a 14 999 hab.,20 a 24 años,7146,6649,3071,3578,497,171,326
1237,Estados Unidos Mexicanos,13  Hidalgo,10 000 a 14 999 hab.,25 a 29 años,5426,4881,2444,2437,545,204,341
1238,Estados Unidos Mexicanos,13  Hidalgo,10 000 a 14 999 hab.,30 a 34 años,4210,3633,1922,1711,577,194,383
1239,Estados Unidos Mexicanos,13  Hidalgo,10 000 a 14 999 hab.,35 a 39 años,3705,2995,1542,1453,710,227,483
1240,Estados Unidos Mexicanos,13  Hidalgo,10 000 a 14 999 hab.,40 a 44 años,2826,2238,1210,1028,588,189,399
1241,Estados Unidos Mexicanos,13  Hidalgo,10 000 a 14 999 hab.,45 a 49 años,2401,1811,1037,774,590,218,372
1242,Estados Unidos Mexicanos,13  Hidalgo,10 000 a 14 999 hab.,50 a 54 años,1850,1308,731,577,542,187,355
1243,Estados Unidos Mexicanos,13  Hidalgo,10 000 a 14 999 hab.,55 a 59 años,1498,1005,576,429,493,153,340
1244,Estados Unidos Mexicanos,13  Hidalgo,10 000 a 14 999 hab.,60 a 64 años,1109,716,407,309,393,133,260
1245,Estados Unidos Mexicanos,13  Hidalgo,10 000 a 14 999 hab.,65 y más años,2577,1361,721,640,1216,422,794
1246,Estados Unidos Mexicanos,13  Hidalgo,15 000 a 19 999 hab.,Total,49086,44732,22256,22476,4354,1256,3098
1247,Estados Unidos Mexicanos,13  Hidalgo,15 000 a 19 999 hab.,15 a 19 años,10384,10160,4903,5257,224,84,140
1248,Estados Unidos Mexicanos,13  Hidalgo,15 000 a 19 999 hab.,20 a 24 años,8171,7875,3708,4167,296,101,195
1249,Estados Unidos Mexicanos,13  Hidalgo,15 000 a 19 999 hab.,25 a 29 años,6494,6168,2999,3169,326,98,228
1250,Estados Unidos Mexicanos,13  Hidalgo,15 000 a 19 999 hab.,30 a 34 años,5377,5028,2555,2473,349,97,252
1251,Estados Unidos Mexicanos,13  Hidalgo,15 000 a 19 999 hab.,35 a 39 años,4447,4008,2036,1972,439,135,304
1252,Estados Unidos Mexicanos,13  Hidalgo,15 000 a 19 999 hab.,40 a 44 años,3715,3331,1705,1626,384,122,262
1253,Estados Unidos Mexicanos,13  Hidalgo,15 000 a 19 999 hab.,45 a 49 años,2960,2581,1403,1178,379,105,274
1254,Estados Unidos Mexicanos,13  Hidalgo,15 000 a 19 999 hab.,50 a 54 años,2151,1806,980,826,345,88,257
1255,Estados Unidos Mexicanos,13  Hidalgo,15 000 a 19 999 hab.,55 a 59 años,1623,1273,682,591,350,96,254
1256,Estados Unidos Mexicanos,13  Hidalgo,15 000 a 19 999 hab.,60 a 64 años,1184,879,467,412,305,82,223
1257,Estados Unidos Mexicanos,13  Hidalgo,15 000 a 19 999 hab.,65 y más años,2580,1623,818,805,957,248,709
1258,Estados Unidos Mexicanos,13  Hidalgo,20 000 a 49 999 hab.,Total,0,0,0,0,0,0,0
1259,Estados Unidos Mexicanos,13  Hidalgo,50 000 a 99 999 hab.,Total,30988,27435,13066,14369,3553,1008,2545
1260,Estados Unidos Mexicanos,13  Hidalgo,50 000 a 99 999 hab.,15 a 19 años,6315,6071,2801,3270,244,98,146
1261,Estados Unidos Mexicanos,13  Hidalgo,50 000 a 99 999 hab.,20 a 24 años,5483,5178,2365,2813,305,102,203
1262,Estados Unidos Mexicanos,13  Hidalgo,50 000 a 99 999 hab.,25 a 29 años,4100,3783,1830,1953,317,102,215
1263,Estados Unidos Mexicanos,13  Hidalgo,50 000 a 99 999 hab.,30 a 34 años,3283,3002,1457,1545,281,97,184
1264,Estados Unidos Mexicanos,13  Hidalgo,50 000 a 99 999 hab.,35 a 39 años,2715,2324,1135,1189,391,115,276
1265,Estados Unidos Mexicanos,13  Hidalgo,50 000 a 99 999 hab.,40 a 44 años,2143,1799,907,892,344,93,251
1266,Estados Unidos Mexicanos,13  Hidalgo,50 000 a 99 999 hab.,45 a 49 años,1680,1393,682,711,287,73,214
1267,Estados Unidos Mexicanos,13  Hidalgo,50 000 a 99 999 hab.,50 a 54 años,1403,1114,531,583,289,77,212
1268,Estados Unidos Mexicanos,13  Hidalgo,50 000 a 99 999 hab.,55 a 59 años,1131,887,481,406,244,59,185
1269,Estados Unidos Mexicanos,13  Hidalgo,50 000 a 99 999 hab.,60 a 64 años,818,622,305,317,196,44,152
1270,Estados Unidos Mexicanos,13  Hidalgo,50 000 a 99 999 hab.,65 y más años,1917,1262,572,690,655,148,507
1271,Estados Unidos Mexicanos,13  Hidalgo,100 000  y más hab.,Total,68618,63977,30322,33655,4641,1089,3552
1272,Estados Unidos Mexicanos,13  Hidalgo,100 000  y más hab.,15 a 19 años,13831,13536,6329,7207,295,99,196
1273,Estados Unidos Mexicanos,13  Hidalgo,100 000  y más hab.,20 a 24 años,12232,11877,5613,6264,355,112,243
1274,Estados Unidos Mexicanos,13  Hidalgo,100 000  y más hab.,25 a 29 años,9053,8718,4188,4530,335,125,210
1275,Estados Unidos Mexicanos,13  Hidalgo,100 000  y más hab.,30 a 34 años,6785,6463,3145,3318,322,87,235
1276,Estados Unidos Mexicanos,13  Hidalgo,100 000  y más hab.,35 a 39 años,5714,5306,2566,2740,408,106,302
1277,Estados Unidos Mexicanos,13  Hidalgo,100 000  y más hab.,40 a 44 años,4485,4115,1977,2138,370,94,276
1278,Estados Unidos Mexicanos,13  Hidalgo,100 000  y más hab.,45 a 49 años,3892,3519,1644,1875,373,85,288
1279,Estados Unidos Mexicanos,13  Hidalgo,100 000  y más hab.,50 a 54 años,3312,2918,1384,1534,394,73,321
1280,Estados Unidos Mexicanos,13  Hidalgo,100 000  y más hab.,55 a 59 años,2745,2381,1159,1222,364,72,292
1281,Estados Unidos Mexicanos,13  Hidalgo,100 000  y más hab.,60 a 64 años,2015,1664,764,900,351,61,290
1282,Estados Unidos Mexicanos,13  Hidalgo,100 000  y más hab.,65 y más años,4554,3480,1553,1927,1074,175,899
1283,Estados Unidos Mexicanos,14  Jalisco,Total,Total,2434409,2111860,1019624,1092236,322549,138623,183926
1284,Estados Unidos Mexicanos,14  Jalisco,Total,15 a 19 años,498104,475388,230383,245005,22716,11549,11167
1285,Estados Unidos Mexicanos,14  Jalisco,Total,20 a 24 años,386810,364038,171414,192624,22772,10055,12717
1286,Estados Unidos Mexicanos,14  Jalisco,Total,25 a 29 años,295211,271547,128093,143454,23664,10019,13645
1287,Estados Unidos Mexicanos,14  Jalisco,Total,30 a 34 años,243560,217550,105677,111873,26010,10904,15106
1288,Estados Unidos Mexicanos,14  Jalisco,Total,35 a 39 años,208798,180181,88408,91773,28617,11715,16902
1289,Estados Unidos Mexicanos,14  Jalisco,Total,40 a 44 años,168017,140354,69705,70649,27663,11306,16357
1290,Estados Unidos Mexicanos,14  Jalisco,Total,45 a 49 años,139207,111917,55308,56609,27290,11094,16196
1291,Estados Unidos Mexicanos,14  Jalisco,Total,50 a 54 años,118516,90714,44398,46316,27802,11142,16660
1292,Estados Unidos Mexicanos,14  Jalisco,Total,55 a 59 años,100385,74870,37431,37439,25515,10802,14713
1293,Estados Unidos Mexicanos,14  Jalisco,Total,60 a 64 años,82833,58998,28564,30434,23835,10489,13346
1294,Estados Unidos Mexicanos,14  Jalisco,Total,65 y más años,192968,126303,60243,66060,66665,29548,37117
1295,Estados Unidos Mexicanos,14  Jalisco,1 a 2 499 hab.,Total,548665,416438,208086,208352,132227,62885,69342
1296,Estados Unidos Mexicanos,14  Jalisco,1 a 2 499 hab.,15 a 19 años,117124,106461,52229,54232,10663,5672,4991
1297,Estados Unidos Mexicanos,14  Jalisco,1 a 2 499 hab.,20 a 24 años,75406,65678,30785,34893,9728,4615,5113
1298,Estados Unidos Mexicanos,14  Jalisco,1 a 2 499 hab.,25 a 29 años,56320,46412,22176,24236,9908,4381,5527
1299,Estados Unidos Mexicanos,14  Jalisco,1 a 2 499 hab.,30 a 34 años,48971,37827,18764,19063,11144,4975,6169
1300,Estados Unidos Mexicanos,14  Jalisco,1 a 2 499 hab.,35 a 39 años,48345,36012,17886,18126,12333,5443,6890
1301,Estados Unidos Mexicanos,14  Jalisco,1 a 2 499 hab.,40 a 44 años,40676,28873,14994,13879,11803,5435,6368
1302,Estados Unidos Mexicanos,14  Jalisco,1 a 2 499 hab.,45 a 49 años,35048,23693,12401,11292,11355,5209,6146
1303,Estados Unidos Mexicanos,14  Jalisco,1 a 2 499 hab.,50 a 54 años,29273,18119,9544,8575,11154,5077,6077
1304,Estados Unidos Mexicanos,14  Jalisco,1 a 2 499 hab.,55 a 59 años,24502,14833,8220,6613,9669,4600,5069
1305,Estados Unidos Mexicanos,14  Jalisco,1 a 2 499 hab.,60 a 64 años,21578,12187,6593,5594,9391,4688,4703
1306,Estados Unidos Mexicanos,14  Jalisco,1 a 2 499 hab.,65 y más años,51422,26343,14494,11849,25079,12790,12289
1307,Estados Unidos Mexicanos,14  Jalisco,2 500 a 4 999 hab.,Total,122860,100726,49111,51615,22134,10184,11950
1308,Estados Unidos Mexicanos,14  Jalisco,2 500 a 4 999 hab.,15 a 19 años,25296,23852,11594,12258,1444,759,685
1309,Estados Unidos Mexicanos,14  Jalisco,2 500 a 4 999 hab.,20 a 24 años,16940,15557,7265,8292,1383,655,728
1310,Estados Unidos Mexicanos,14  Jalisco,2 500 a 4 999 hab.,25 a 29 años,12874,11331,5426,5905,1543,718,825
1311,Estados Unidos Mexicanos,14  Jalisco,2 500 a 4 999 hab.,30 a 34 años,11150,9445,4571,4874,1705,807,898
1312,Estados Unidos Mexicanos,14  Jalisco,2 500 a 4 999 hab.,35 a 39 años,10482,8529,4245,4284,1953,860,1093
1313,Estados Unidos Mexicanos,14  Jalisco,2 500 a 4 999 hab.,40 a 44 años,8913,7084,3577,3507,1829,833,996
1314,Estados Unidos Mexicanos,14  Jalisco,2 500 a 4 999 hab.,45 a 49 años,7279,5505,2757,2748,1774,762,1012
1315,Estados Unidos Mexicanos,14  Jalisco,2 500 a 4 999 hab.,50 a 54 años,6361,4483,2228,2255,1878,820,1058
1316,Estados Unidos Mexicanos,14  Jalisco,2 500 a 4 999 hab.,55 a 59 años,5669,3887,1978,1909,1782,793,989
1317,Estados Unidos Mexicanos,14  Jalisco,2 500 a 4 999 hab.,60 a 64 años,5089,3389,1664,1725,1700,819,881
1318,Estados Unidos Mexicanos,14  Jalisco,2 500 a 4 999 hab.,65 y más años,12807,7664,3806,3858,5143,2358,2785
1319,Estados Unidos Mexicanos,14  Jalisco,5 000 a 9 999 hab.,Total,141538,118892,57374,61518,22646,10085,12561
1320,Estados Unidos Mexicanos,14  Jalisco,5 000 a 9 999 hab.,15 a 19 años,29754,28275,13608,14667,1479,767,712
1321,Estados Unidos Mexicanos,14  Jalisco,5 000 a 9 999 hab.,20 a 24 años,20877,19337,8923,10414,1540,711,829
1322,Estados Unidos Mexicanos,14  Jalisco,5 000 a 9 999 hab.,25 a 29 años,15465,13874,6490,7384,1591,721,870
1323,Estados Unidos Mexicanos,14  Jalisco,5 000 a 9 999 hab.,30 a 34 años,13083,11241,5478,5763,1842,820,1022
1324,Estados Unidos Mexicanos,14  Jalisco,5 000 a 9 999 hab.,35 a 39 años,11498,9588,4680,4908,1910,800,1110
1325,Estados Unidos Mexicanos,14  Jalisco,5 000 a 9 999 hab.,40 a 44 años,9928,8090,4018,4072,1838,738,1100
1326,Estados Unidos Mexicanos,14  Jalisco,5 000 a 9 999 hab.,45 a 49 años,8523,6673,3299,3374,1850,791,1059
1327,Estados Unidos Mexicanos,14  Jalisco,5 000 a 9 999 hab.,50 a 54 años,7355,5374,2701,2673,1981,806,1175
1328,Estados Unidos Mexicanos,14  Jalisco,5 000 a 9 999 hab.,55 a 59 años,6218,4430,2256,2174,1788,784,1004
1329,Estados Unidos Mexicanos,14  Jalisco,5 000 a 9 999 hab.,60 a 64 años,5254,3527,1758,1769,1727,818,909
1330,Estados Unidos Mexicanos,14  Jalisco,5 000 a 9 999 hab.,65 y más años,13583,8483,4163,4320,5100,2329,2771
1331,Estados Unidos Mexicanos,14  Jalisco,10 000 a 14 999 hab.,Total,114090,96459,45634,50825,17631,7507,10124
1332,Estados Unidos Mexicanos,14  Jalisco,10 000 a 14 999 hab.,15 a 19 años,23739,22653,10813,11840,1086,562,524
1333,Estados Unidos Mexicanos,14  Jalisco,10 000 a 14 999 hab.,20 a 24 años,16479,15371,6885,8486,1108,449,659
1334,Estados Unidos Mexicanos,14  Jalisco,10 000 a 14 999 hab.,25 a 29 años,12400,11166,5201,5965,1234,516,718
1335,Estados Unidos Mexicanos,14  Jalisco,10 000 a 14 999 hab.,30 a 34 años,10555,9242,4341,4901,1313,551,762
1336,Estados Unidos Mexicanos,14  Jalisco,10 000 a 14 999 hab.,35 a 39 años,9586,8111,3886,4225,1475,605,870
1337,Estados Unidos Mexicanos,14  Jalisco,10 000 a 14 999 hab.,40 a 44 años,8007,6511,3190,3321,1496,597,899
1338,Estados Unidos Mexicanos,14  Jalisco,10 000 a 14 999 hab.,45 a 49 años,6847,5351,2608,2743,1496,609,887
1339,Estados Unidos Mexicanos,14  Jalisco,10 000 a 14 999 hab.,50 a 54 años,5756,4182,1989,2193,1574,632,942
1340,Estados Unidos Mexicanos,14  Jalisco,10 000 a 14 999 hab.,55 a 59 años,5145,3704,1838,1866,1441,627,814
1341,Estados Unidos Mexicanos,14  Jalisco,10 000 a 14 999 hab.,60 a 64 años,4467,3057,1476,1581,1410,567,843
1342,Estados Unidos Mexicanos,14  Jalisco,10 000 a 14 999 hab.,65 y más años,11109,7111,3407,3704,3998,1792,2206
1343,Estados Unidos Mexicanos,14  Jalisco,15 000 a 19 999 hab.,Total,58271,49115,23371,25744,9156,3948,5208
1344,Estados Unidos Mexicanos,14  Jalisco,15 000 a 19 999 hab.,15 a 19 años,11938,11362,5456,5906,576,270,306
1345,Estados Unidos Mexicanos,14  Jalisco,15 000 a 19 999 hab.,20 a 24 años,8472,7826,3539,4287,646,304,342
1346,Estados Unidos Mexicanos,14  Jalisco,15 000 a 19 999 hab.,25 a 29 años,6458,5793,2720,3073,665,313,352
1347,Estados Unidos Mexicanos,14  Jalisco,15 000 a 19 999 hab.,30 a 34 años,5300,4657,2298,2359,643,266,377
1348,Estados Unidos Mexicanos,14  Jalisco,15 000 a 19 999 hab.,35 a 39 años,4816,4039,1935,2104,777,325,452
1349,Estados Unidos Mexicanos,14  Jalisco,15 000 a 19 999 hab.,40 a 44 años,4012,3296,1615,1681,716,275,441
1350,Estados Unidos Mexicanos,14  Jalisco,15 000 a 19 999 hab.,45 a 49 años,3462,2739,1327,1412,723,297,426
1351,Estados Unidos Mexicanos,14  Jalisco,15 000 a 19 999 hab.,50 a 54 años,2958,2198,1046,1152,760,310,450
1352,Estados Unidos Mexicanos,14  Jalisco,15 000 a 19 999 hab.,55 a 59 años,2738,1932,959,973,806,355,451
1353,Estados Unidos Mexicanos,14  Jalisco,15 000 a 19 999 hab.,60 a 64 años,2391,1648,793,855,743,322,421
1354,Estados Unidos Mexicanos,14  Jalisco,15 000 a 19 999 hab.,65 y más años,5726,3625,1683,1942,2101,911,1190
1355,Estados Unidos Mexicanos,14  Jalisco,20 000 a 49 999 hab.,Total,184881,160240,77160,83080,24641,9627,15014
1356,Estados Unidos Mexicanos,14  Jalisco,20 000 a 49 999 hab.,15 a 19 años,37971,36374,17563,18811,1597,750,847
1357,Estados Unidos Mexicanos,14  Jalisco,20 000 a 49 999 hab.,20 a 24 años,28949,27223,12434,14789,1726,701,1025
1358,Estados Unidos Mexicanos,14  Jalisco,20 000 a 49 999 hab.,25 a 29 años,22856,20992,9825,11167,1864,720,1144
1359,Estados Unidos Mexicanos,14  Jalisco,20 000 a 49 999 hab.,30 a 34 años,18488,16582,8089,8493,1906,720,1186
1360,Estados Unidos Mexicanos,14  Jalisco,20 000 a 49 999 hab.,35 a 39 años,15911,13790,6899,6891,2121,784,1337
1361,Estados Unidos Mexicanos,14  Jalisco,20 000 a 49 999 hab.,40 a 44 años,12500,10480,5145,5335,2020,749,1271
1362,Estados Unidos Mexicanos,14  Jalisco,20 000 a 49 999 hab.,45 a 49 años,10355,8352,4189,4163,2003,707,1296
1363,Estados Unidos Mexicanos,14  Jalisco,20 000 a 49 999 hab.,50 a 54 años,8942,6838,3409,3429,2104,738,1366
1364,Estados Unidos Mexicanos,14  Jalisco,20 000 a 49 999 hab.,55 a 59 años,7485,5451,2794,2657,2034,806,1228
1365,Estados Unidos Mexicanos,14  Jalisco,20 000 a 49 999 hab.,60 a 64 años,6261,4383,2138,2245,1878,758,1120
1366,Estados Unidos Mexicanos,14  Jalisco,20 000 a 49 999 hab.,65 y más años,15163,9775,4675,5100,5388,2194,3194
1367,Estados Unidos Mexicanos,14  Jalisco,50 000 a 99 999 hab.,Total,35405,30735,14611,16124,4670,1931,2739
1368,Estados Unidos Mexicanos,14  Jalisco,50 000 a 99 999 hab.,15 a 19 años,7970,7685,3689,3996,285,146,139
1369,Estados Unidos Mexicanos,14  Jalisco,50 000 a 99 999 hab.,20 a 24 años,5476,5169,2437,2732,307,147,160
1370,Estados Unidos Mexicanos,14  Jalisco,50 000 a 99 999 hab.,25 a 29 años,4038,3709,1686,2023,329,129,200
1371,Estados Unidos Mexicanos,14  Jalisco,50 000 a 99 999 hab.,30 a 34 años,3408,3019,1475,1544,389,142,247
1372,Estados Unidos Mexicanos,14  Jalisco,50 000 a 99 999 hab.,35 a 39 años,3030,2628,1277,1351,402,162,240
1373,Estados Unidos Mexicanos,14  Jalisco,50 000 a 99 999 hab.,40 a 44 años,2389,2009,1009,1000,380,140,240
1374,Estados Unidos Mexicanos,14  Jalisco,50 000 a 99 999 hab.,45 a 49 años,1976,1570,741,829,406,156,250
1375,Estados Unidos Mexicanos,14  Jalisco,50 000 a 99 999 hab.,50 a 54 años,1660,1273,623,650,387,161,226
1376,Estados Unidos Mexicanos,14  Jalisco,50 000 a 99 999 hab.,55 a 59 años,1448,1090,524,566,358,145,213
1377,Estados Unidos Mexicanos,14  Jalisco,50 000 a 99 999 hab.,60 a 64 años,1181,826,376,450,355,161,194
1378,Estados Unidos Mexicanos,14  Jalisco,50 000 a 99 999 hab.,65 y más años,2829,1757,774,983,1072,442,630
1379,Estados Unidos Mexicanos,14  Jalisco,100 000  y más hab.,Total,1228699,1139255,544277,594978,89444,32456,56988
1380,Estados Unidos Mexicanos,14  Jalisco,100 000  y más hab.,15 a 19 años,244312,238726,115431,123295,5586,2623,2963
1381,Estados Unidos Mexicanos,14  Jalisco,100 000  y más hab.,20 a 24 años,214211,207877,99146,108731,6334,2473,3861
1382,Estados Unidos Mexicanos,14  Jalisco,100 000  y más hab.,25 a 29 años,164800,158270,74569,83701,6530,2521,4009
1383,Estados Unidos Mexicanos,14  Jalisco,100 000  y más hab.,30 a 34 años,132605,125537,60661,64876,7068,2623,4445
1384,Estados Unidos Mexicanos,14  Jalisco,100 000  y más hab.,35 a 39 años,105130,97484,47600,49884,7646,2736,4910
1385,Estados Unidos Mexicanos,14  Jalisco,100 000  y más hab.,40 a 44 años,81592,74011,36157,37854,7581,2539,5042
1386,Estados Unidos Mexicanos,14  Jalisco,100 000  y más hab.,45 a 49 años,65717,58034,27986,30048,7683,2563,5120
1387,Estados Unidos Mexicanos,14  Jalisco,100 000  y más hab.,50 a 54 años,56211,48247,22858,25389,7964,2598,5366
1388,Estados Unidos Mexicanos,14  Jalisco,100 000  y más hab.,55 a 59 años,47180,39543,18862,20681,7637,2692,4945
1389,Estados Unidos Mexicanos,14  Jalisco,100 000  y más hab.,60 a 64 años,36612,29981,13766,16215,6631,2356,4275
1390,Estados Unidos Mexicanos,14  Jalisco,100 000  y más hab.,65 y más años,80329,61545,27241,34304,18784,6732,12052
1391,Estados Unidos Mexicanos,15  México,Total,Total,4178358,3609060,1867651,1741409,569298,189645,379653
1392,Estados Unidos Mexicanos,15  México,Total,15 a 19 años,861037,822984,408989,413995,38053,14078,23975
1393,Estados Unidos Mexicanos,15  México,Total,20 a 24 años,718038,670545,331893,338652,47493,16001,31492
1394,Estados Unidos Mexicanos,15  México,Total,25 a 29 años,570630,519646,260920,258726,50984,17374,33610
1395,Estados Unidos Mexicanos,15  México,Total,30 a 34 años,466007,414194,215113,199081,51813,17398,34415
1396,Estados Unidos Mexicanos,15  México,Total,35 a 39 años,398484,337857,180807,157050,60627,19427,41200
1397,Estados Unidos Mexicanos,15  México,Total,40 a 44 años,303548,248967,137696,111271,54581,18120,36461
1398,Estados Unidos Mexicanos,15  México,Total,45 a 49 años,244711,190075,105847,84228,54636,17282,37354
1399,Estados Unidos Mexicanos,15  México,Total,50 a 54 años,180636,133310,75386,57924,47326,15013,32313
1400,Estados Unidos Mexicanos,15  México,Total,55 a 59 años,138696,98159,56748,41411,40537,13439,27098
1401,Estados Unidos Mexicanos,15  México,Total,60 a 64 años,91850,60382,33765,26617,31468,10608,20860
1402,Estados Unidos Mexicanos,15  México,Total,65 y más años,204721,112941,60487,52454,91780,30905,60875
1403,Estados Unidos Mexicanos,15  México,1 a 2 499 hab.,Total,826585,597181,334102,263079,229404,87358,142046
1404,Estados Unidos Mexicanos,15  México,1 a 2 499 hab.,15 a 19 años,168669,151219,78972,72247,17450,7059,10391
1405,Estados Unidos Mexicanos,15  México,1 a 2 499 hab.,20 a 24 años,130060,109818,57837,51981,20242,7545,12697
1406,Estados Unidos Mexicanos,15  México,1 a 2 499 hab.,25 a 29 años,101591,80166,43453,36713,21425,8055,13370
1407,Estados Unidos Mexicanos,15  México,1 a 2 499 hab.,30 a 34 años,81750,60948,34525,26423,20802,7968,12834
1408,Estados Unidos Mexicanos,15  México,1 a 2 499 hab.,35 a 39 años,75901,51534,29751,21783,24367,8927,15440
1409,Estados Unidos Mexicanos,15  México,1 a 2 499 hab.,40 a 44 años,59247,38210,22985,15225,21037,8185,12852
1410,Estados Unidos Mexicanos,15  México,1 a 2 499 hab.,45 a 49 años,53270,31674,19149,12525,21596,7834,13762
1411,Estados Unidos Mexicanos,15  México,1 a 2 499 hab.,50 a 54 años,41030,22777,14331,8446,18253,6758,11495
1412,Estados Unidos Mexicanos,15  México,1 a 2 499 hab.,55 a 59 años,33493,17780,11478,6302,15713,6063,9650
1413,Estados Unidos Mexicanos,15  México,1 a 2 499 hab.,60 a 64 años,23715,11129,7325,3804,12586,4829,7757
1414,Estados Unidos Mexicanos,15  México,1 a 2 499 hab.,65 y más años,57859,21926,14296,7630,35933,14135,21798
1415,Estados Unidos Mexicanos,15  México,2 500 a 4 999 hab.,Total,392113,318928,171428,147500,73185,25082,48103
1416,Estados Unidos Mexicanos,15  México,2 500 a 4 999 hab.,15 a 19 años,80382,75623,38680,36943,4759,1699,3060
1417,Estados Unidos Mexicanos,15  México,2 500 a 4 999 hab.,20 a 24 años,64758,58953,30201,28752,5805,1956,3849
1418,Estados Unidos Mexicanos,15  México,2 500 a 4 999 hab.,25 a 29 años,51324,45038,23373,21665,6286,2199,4087
1419,Estados Unidos Mexicanos,15  México,2 500 a 4 999 hab.,30 a 34 años,41544,34900,18801,16099,6644,2231,4413
1420,Estados Unidos Mexicanos,15  México,2 500 a 4 999 hab.,35 a 39 años,36146,28328,15752,12576,7818,2594,5224
1421,Estados Unidos Mexicanos,15  México,2 500 a 4 999 hab.,40 a 44 años,27567,20590,11803,8787,6977,2414,4563
1422,Estados Unidos Mexicanos,15  México,2 500 a 4 999 hab.,45 a 49 años,23339,16435,9549,6886,6904,2374,4530
1423,Estados Unidos Mexicanos,15  México,2 500 a 4 999 hab.,50 a 54 años,17775,11919,6989,4930,5856,1953,3903
1424,Estados Unidos Mexicanos,15  México,2 500 a 4 999 hab.,55 a 59 años,14256,9106,5494,3612,5150,1741,3409
1425,Estados Unidos Mexicanos,15  México,2 500 a 4 999 hab.,60 a 64 años,9967,5792,3506,2286,4175,1521,2654
1426,Estados Unidos Mexicanos,15  México,2 500 a 4 999 hab.,65 y más años,25055,12244,7280,4964,12811,4400,8411
1427,Estados Unidos Mexicanos,15  México,5 000 a 9 999 hab.,Total,309453,266270,138307,127963,43183,13988,29195
1428,Estados Unidos Mexicanos,15  México,5 000 a 9 999 hab.,15 a 19 años,62610,60316,30243,30073,2294,850,1444
1429,Estados Unidos Mexicanos,15  México,5 000 a 9 999 hab.,20 a 24 años,51809,48693,23875,24818,3116,1063,2053
1430,Estados Unidos Mexicanos,15  México,5 000 a 9 999 hab.,25 a 29 años,42079,38524,19299,19225,3555,1146,2409
1431,Estados Unidos Mexicanos,15  México,5 000 a 9 999 hab.,30 a 34 años,34136,30394,16028,14366,3742,1255,2487
1432,Estados Unidos Mexicanos,15  México,5 000 a 9 999 hab.,35 a 39 años,29085,24687,13298,11389,4398,1385,3013
1433,Estados Unidos Mexicanos,15  México,5 000 a 9 999 hab.,40 a 44 años,22211,18178,10105,8073,4033,1303,2730
1434,Estados Unidos Mexicanos,15  México,5 000 a 9 999 hab.,45 a 49 años,18008,13845,7574,6271,4163,1280,2883
1435,Estados Unidos Mexicanos,15  México,5 000 a 9 999 hab.,50 a 54 años,13364,9770,5550,4220,3594,1058,2536
1436,Estados Unidos Mexicanos,15  México,5 000 a 9 999 hab.,55 a 59 años,10623,7383,4267,3116,3240,1038,2202
1437,Estados Unidos Mexicanos,15  México,5 000 a 9 999 hab.,60 a 64 años,7197,4678,2637,2041,2519,840,1679
1438,Estados Unidos Mexicanos,15  México,5 000 a 9 999 hab.,65 y más años,18331,9802,5431,4371,8529,2770,5759
1439,Estados Unidos Mexicanos,15  México,10 000 a 14 999 hab.,Total,148049,130585,66770,63815,17464,5604,11860
1440,Estados Unidos Mexicanos,15  México,10 000 a 14 999 hab.,15 a 19 años,30015,29075,14380,14695,940,352,588
1441,Estados Unidos Mexicanos,15  México,10 000 a 14 999 hab.,20 a 24 años,25233,24006,11669,12337,1227,393,834
1442,Estados Unidos Mexicanos,15  México,10 000 a 14 999 hab.,25 a 29 años,20606,19170,9555,9615,1436,488,948
1443,Estados Unidos Mexicanos,15  México,10 000 a 14 999 hab.,30 a 34 años,16910,15367,7949,7418,1543,475,1068
1444,Estados Unidos Mexicanos,15  México,10 000 a 14 999 hab.,35 a 39 años,13759,12037,6376,5661,1722,523,1199
1445,Estados Unidos Mexicanos,15  México,10 000 a 14 999 hab.,40 a 44 años,10528,8924,4842,4082,1604,506,1098
1446,Estados Unidos Mexicanos,15  México,10 000 a 14 999 hab.,45 a 49 años,8382,6701,3652,3049,1681,511,1170
1447,Estados Unidos Mexicanos,15  México,10 000 a 14 999 hab.,50 a 54 años,6417,4783,2642,2141,1634,528,1106
1448,Estados Unidos Mexicanos,15  México,10 000 a 14 999 hab.,55 a 59 años,4931,3637,2088,1549,1294,436,858
1449,Estados Unidos Mexicanos,15  México,10 000 a 14 999 hab.,60 a 64 años,3292,2257,1202,1055,1035,359,676
1450,Estados Unidos Mexicanos,15  México,10 000 a 14 999 hab.,65 y más años,7976,4628,2415,2213,3348,1033,2315
1451,Estados Unidos Mexicanos,15  México,15 000 a 19 999 hab.,Total,143526,127438,65311,62127,16088,5044,11044
1452,Estados Unidos Mexicanos,15  México,15 000 a 19 999 hab.,15 a 19 años,29026,28129,13943,14186,897,336,561
1453,Estados Unidos Mexicanos,15  México,15 000 a 19 999 hab.,20 a 24 años,24263,23106,11187,11919,1157,338,819
1454,Estados Unidos Mexicanos,15  México,15 000 a 19 999 hab.,25 a 29 años,20709,19342,9520,9822,1367,452,915
1455,Estados Unidos Mexicanos,15  México,15 000 a 19 999 hab.,30 a 34 años,17065,15491,7917,7574,1574,546,1028
1456,Estados Unidos Mexicanos,15  México,15 000 a 19 999 hab.,35 a 39 años,13837,12160,6722,5438,1677,521,1156
1457,Estados Unidos Mexicanos,15  México,15 000 a 19 999 hab.,40 a 44 años,10181,8602,4686,3916,1579,494,1085
1458,Estados Unidos Mexicanos,15  México,15 000 a 19 999 hab.,45 a 49 años,7894,6307,3605,2702,1587,453,1134
1459,Estados Unidos Mexicanos,15  México,15 000 a 19 999 hab.,50 a 54 años,5725,4406,2382,2024,1319,368,951
1460,Estados Unidos Mexicanos,15  México,15 000 a 19 999 hab.,55 a 59 años,4593,3412,1933,1479,1181,373,808
1461,Estados Unidos Mexicanos,15  México,15 000 a 19 999 hab.,60 a 64 años,3012,2114,1134,980,898,277,621
1462,Estados Unidos Mexicanos,15  México,15 000 a 19 999 hab.,65 y más años,7221,4369,2282,2087,2852,886,1966
1463,Estados Unidos Mexicanos,15  México,20 000 a 49 999 hab.,Total,86836,80909,40395,40514,5927,1776,4151
1464,Estados Unidos Mexicanos,15  México,20 000 a 49 999 hab.,15 a 19 años,16757,16452,8278,8174,305,113,192
1465,Estados Unidos Mexicanos,15  México,20 000 a 49 999 hab.,20 a 24 años,14305,13919,6624,7295,386,138,248
1466,Estados Unidos Mexicanos,15  México,20 000 a 49 999 hab.,25 a 29 años,12297,11817,5626,6191,480,163,317
1467,Estados Unidos Mexicanos,15  México,20 000 a 49 999 hab.,30 a 34 años,10741,10219,5062,5157,522,163,359
1468,Estados Unidos Mexicanos,15  México,20 000 a 49 999 hab.,35 a 39 años,8764,8220,4313,3907,544,140,404
1469,Estados Unidos Mexicanos,15  México,20 000 a 49 999 hab.,40 a 44 años,6722,6168,3186,2982,554,175,379
1470,Estados Unidos Mexicanos,15  México,20 000 a 49 999 hab.,45 a 49 años,4735,4238,2262,1976,497,139,358
1471,Estados Unidos Mexicanos,15  México,20 000 a 49 999 hab.,50 a 54 años,3643,3097,1646,1451,546,143,403
1472,Estados Unidos Mexicanos,15  México,20 000 a 49 999 hab.,55 a 59 años,2768,2318,1196,1122,450,128,322
1473,Estados Unidos Mexicanos,15  México,20 000 a 49 999 hab.,60 a 64 años,1828,1460,744,716,368,116,252
1474,Estados Unidos Mexicanos,15  México,20 000 a 49 999 hab.,65 y más años,4276,3001,1458,1543,1275,358,917
1475,Estados Unidos Mexicanos,15  México,50 000 a 99 999 hab.,Total,33998,33436,15883,17553,562,94,468
1476,Estados Unidos Mexicanos,15  México,50 000 a 99 999 hab.,15 a 19 años,6269,6223,3021,3202,46,16,30
1477,Estados Unidos Mexicanos,15  México,50 000 a 99 999 hab.,20 a 24 años,4478,4455,2062,2393,23,9,14
1478,Estados Unidos Mexicanos,15  México,50 000 a 99 999 hab.,25 a 29 años,4481,4450,1944,2506,31,9,22
1479,Estados Unidos Mexicanos,15  México,50 000 a 99 999 hab.,30 a 34 años,5205,5185,2292,2893,20,5,15
1480,Estados Unidos Mexicanos,15  México,50 000 a 99 999 hab.,35 a 39 años,4452,4411,2284,2127,41,5,36
1481,Estados Unidos Mexicanos,15  México,50 000 a 99 999 hab.,40 a 44 años,2810,2792,1513,1279,18,2,16
1482,Estados Unidos Mexicanos,15  México,50 000 a 99 999 hab.,45 a 49 años,1856,1826,966,860,30,3,27
1483,Estados Unidos Mexicanos,15  México,50 000 a 99 999 hab.,50 a 54 años,1331,1286,625,661,45,4,41
1484,Estados Unidos Mexicanos,15  México,50 000 a 99 999 hab.,55 a 59 años,1022,964,438,526,58,5,53
1485,Estados Unidos Mexicanos,15  México,50 000 a 99 999 hab.,60 a 64 años,768,710,292,418,58,8,50
1486,Estados Unidos Mexicanos,15  México,50 000 a 99 999 hab.,65 y más años,1326,1134,446,688,192,28,164
1487,Estados Unidos Mexicanos,15  México,100 000  y más hab.,Total,2237798,2054313,1035455,1018858,183485,50699,132786
1488,Estados Unidos Mexicanos,15  México,100 000  y más hab.,15 a 19 años,467309,455947,221472,234475,11362,3653,7709
1489,Estados Unidos Mexicanos,15  México,100 000  y más hab.,20 a 24 años,403132,387595,188438,199157,15537,4559,10978
1490,Estados Unidos Mexicanos,15  México,100 000  y más hab.,25 a 29 años,317543,301139,148150,152989,16404,4862,11542
1491,Estados Unidos Mexicanos,15  México,100 000  y más hab.,30 a 34 años,258656,241690,122539,119151,16966,4755,12211
1492,Estados Unidos Mexicanos,15  México,100 000  y más hab.,35 a 39 años,216540,196480,102311,94169,20060,5332,14728
1493,Estados Unidos Mexicanos,15  México,100 000  y más hab.,40 a 44 años,164282,145503,78576,66927,18779,5041,13738
1494,Estados Unidos Mexicanos,15  México,100 000  y más hab.,45 a 49 años,127227,109049,59090,49959,18178,4688,13490
1495,Estados Unidos Mexicanos,15  México,100 000  y más hab.,50 a 54 años,91351,75272,41221,34051,16079,4201,11878
1496,Estados Unidos Mexicanos,15  México,100 000  y más hab.,55 a 59 años,67010,53559,29854,23705,13451,3655,9796
1497,Estados Unidos Mexicanos,15  México,100 000  y más hab.,60 a 64 años,42071,32242,16925,15317,9829,2658,7171
1498,Estados Unidos Mexicanos,15  México,100 000  y más hab.,65 y más años,82677,55837,26879,28958,26840,7295,19545
1499,Estados Unidos Mexicanos,16  Michoacán,Total,Total,1571866,1175222,589280,585942,396644,172379,224265
1500,Estados Unidos Mexicanos,16  Michoacán,Total,15 a 19 años,340387,302383,147884,154499,38004,18504,19500
1501,Estados Unidos Mexicanos,16  Michoacán,Total,20 a 24 años,246368,209776,100986,108790,36592,16025,20567
1502,Estados Unidos Mexicanos,16  Michoacán,Total,25 a 29 años,180212,145560,71554,74006,34652,14911,19741
1503,Estados Unidos Mexicanos,16  Michoacán,Total,30 a 34 años,144658,110729,55196,55533,33929,14525,19404
1504,Estados Unidos Mexicanos,16  Michoacán,Total,35 a 39 años,133260,96480,48390,48090,36780,15155,21625
1505,Estados Unidos Mexicanos,16  Michoacán,Total,40 a 44 años,112673,76724,39607,37117,35949,15004,20945
1506,Estados Unidos Mexicanos,16  Michoacán,Total,45 a 49 años,97833,63461,33156,30305,34372,14120,20252
1507,Estados Unidos Mexicanos,16  Michoacán,Total,50 a 54 años,80375,48688,26138,22550,31687,13262,18425
1508,Estados Unidos Mexicanos,16  Michoacán,Total,55 a 59 años,60648,36283,19910,16373,24365,10578,13787
1509,Estados Unidos Mexicanos,16  Michoacán,Total,60 a 64 años,51573,27398,14905,12493,24175,10590,13585
1510,Estados Unidos Mexicanos,16  Michoacán,Total,65 y más años,123879,57740,31554,26186,66139,29705,36434
1511,Estados Unidos Mexicanos,16  Michoacán,1 a 2 499 hab.,Total,703302,468227,243276,224951,235075,107159,127916
1512,Estados Unidos Mexicanos,16  Michoacán,1 a 2 499 hab.,15 a 19 años,152599,128175,63870,64305,24424,12383,12041
1513,Estados Unidos Mexicanos,16  Michoacán,1 a 2 499 hab.,20 a 24 años,103450,81459,40286,41173,21991,9953,12038
1514,Estados Unidos Mexicanos,16  Michoacán,1 a 2 499 hab.,25 a 29 años,76397,55597,28071,27526,20800,9263,11537
1515,Estados Unidos Mexicanos,16  Michoacán,1 a 2 499 hab.,30 a 34 años,62853,42467,21801,20666,20386,9117,11269
1516,Estados Unidos Mexicanos,16  Michoacán,1 a 2 499 hab.,35 a 39 años,60966,38732,19878,18854,22234,9581,12653
1517,Estados Unidos Mexicanos,16  Michoacán,1 a 2 499 hab.,40 a 44 años,52140,30748,16467,14281,21392,9443,11949
1518,Estados Unidos Mexicanos,16  Michoacán,1 a 2 499 hab.,45 a 49 años,46151,25734,14217,11517,20417,8796,11621
1519,Estados Unidos Mexicanos,16  Michoacán,1 a 2 499 hab.,50 a 54 años,37864,19263,10937,8326,18601,8188,10413
1520,Estados Unidos Mexicanos,16  Michoacán,1 a 2 499 hab.,55 a 59 años,28285,14183,8401,5782,14102,6492,7610
1521,Estados Unidos Mexicanos,16  Michoacán,1 a 2 499 hab.,60 a 64 años,24713,10736,6401,4335,13977,6430,7547
1522,Estados Unidos Mexicanos,16  Michoacán,1 a 2 499 hab.,65 y más años,57884,21133,12947,8186,36751,17513,19238
1523,Estados Unidos Mexicanos,16  Michoacán,2 500 a 4 999 hab.,Total,105082,75814,38211,37603,29268,12036,17232
1524,Estados Unidos Mexicanos,16  Michoacán,2 500 a 4 999 hab.,15 a 19 años,21841,19126,9287,9839,2715,1073,1642
1525,Estados Unidos Mexicanos,16  Michoacán,2 500 a 4 999 hab.,20 a 24 años,15300,12670,6025,6645,2630,1115,1515
1526,Estados Unidos Mexicanos,16  Michoacán,2 500 a 4 999 hab.,25 a 29 años,11489,8969,4444,4525,2520,998,1522
1527,Estados Unidos Mexicanos,16  Michoacán,2 500 a 4 999 hab.,30 a 34 años,9271,6829,3431,3398,2442,991,1451
1528,Estados Unidos Mexicanos,16  Michoacán,2 500 a 4 999 hab.,35 a 39 años,9017,6364,3237,3127,2653,1042,1611
1529,Estados Unidos Mexicanos,16  Michoacán,2 500 a 4 999 hab.,40 a 44 años,7603,5059,2599,2460,2544,1016,1528
1530,Estados Unidos Mexicanos,16  Michoacán,2 500 a 4 999 hab.,45 a 49 años,6680,4234,2279,1955,2446,960,1486
1531,Estados Unidos Mexicanos,16  Michoacán,2 500 a 4 999 hab.,50 a 54 años,5649,3304,1751,1553,2345,938,1407
1532,Estados Unidos Mexicanos,16  Michoacán,2 500 a 4 999 hab.,55 a 59 años,4361,2552,1431,1121,1809,766,1043
1533,Estados Unidos Mexicanos,16  Michoacán,2 500 a 4 999 hab.,60 a 64 años,3839,2016,1106,910,1823,819,1004
1534,Estados Unidos Mexicanos,16  Michoacán,2 500 a 4 999 hab.,65 y más años,10032,4691,2621,2070,5341,2318,3023
1535,Estados Unidos Mexicanos,16  Michoacán,5 000 a 9 999 hab.,Total,141305,108003,52562,55441,33302,14587,18715
1536,Estados Unidos Mexicanos,16  Michoacán,5 000 a 9 999 hab.,15 a 19 años,30625,27736,13312,14424,2889,1459,1430
1537,Estados Unidos Mexicanos,16  Michoacán,5 000 a 9 999 hab.,20 a 24 años,21400,18348,8383,9965,3052,1366,1686
1538,Estados Unidos Mexicanos,16  Michoacán,5 000 a 9 999 hab.,25 a 29 años,15472,12810,6057,6753,2662,1187,1475
1539,Estados Unidos Mexicanos,16  Michoacán,5 000 a 9 999 hab.,30 a 34 años,12590,9875,4783,5092,2715,1160,1555
1540,Estados Unidos Mexicanos,16  Michoacán,5 000 a 9 999 hab.,35 a 39 años,11570,8655,4266,4389,2915,1225,1690
1541,Estados Unidos Mexicanos,16  Michoacán,5 000 a 9 999 hab.,40 a 44 años,10078,7126,3566,3560,2952,1222,1730
1542,Estados Unidos Mexicanos,16  Michoacán,5 000 a 9 999 hab.,45 a 49 años,8729,5869,2937,2932,2860,1190,1670
1543,Estados Unidos Mexicanos,16  Michoacán,5 000 a 9 999 hab.,50 a 54 años,7306,4634,2403,2231,2672,1110,1562
1544,Estados Unidos Mexicanos,16  Michoacán,5 000 a 9 999 hab.,55 a 59 años,5577,3541,1850,1691,2036,873,1163
1545,Estados Unidos Mexicanos,16  Michoacán,5 000 a 9 999 hab.,60 a 64 años,5077,2898,1567,1331,2179,938,1241
1546,Estados Unidos Mexicanos,16  Michoacán,5 000 a 9 999 hab.,65 y más años,12881,6511,3438,3073,6370,2857,3513
1547,Estados Unidos Mexicanos,16  Michoacán,10 000 a 14 999 hab.,Total,68833,54025,26916,27109,14808,6141,8667
1548,Estados Unidos Mexicanos,16  Michoacán,10 000 a 14 999 hab.,15 a 19 años,15014,13797,6801,6996,1217,562,655
1549,Estados Unidos Mexicanos,16  Michoacán,10 000 a 14 999 hab.,20 a 24 años,10657,9302,4441,4861,1355,590,765
1550,Estados Unidos Mexicanos,16  Michoacán,10 000 a 14 999 hab.,25 a 29 años,8112,6702,3258,3444,1410,565,845
1551,Estados Unidos Mexicanos,16  Michoacán,10 000 a 14 999 hab.,30 a 34 años,6408,5181,2606,2575,1227,492,735
1552,Estados Unidos Mexicanos,16  Michoacán,10 000 a 14 999 hab.,35 a 39 años,5912,4485,2215,2270,1427,590,837
1553,Estados Unidos Mexicanos,16  Michoacán,10 000 a 14 999 hab.,40 a 44 años,4799,3496,1800,1696,1303,514,789
1554,Estados Unidos Mexicanos,16  Michoacán,10 000 a 14 999 hab.,45 a 49 años,4204,2908,1482,1426,1296,465,831
1555,Estados Unidos Mexicanos,16  Michoacán,10 000 a 14 999 hab.,50 a 54 años,3401,2272,1198,1074,1129,459,670
1556,Estados Unidos Mexicanos,16  Michoacán,10 000 a 14 999 hab.,55 a 59 años,2573,1679,916,763,894,382,512
1557,Estados Unidos Mexicanos,16  Michoacán,10 000 a 14 999 hab.,60 a 64 años,2310,1375,733,642,935,380,555
1558,Estados Unidos Mexicanos,16  Michoacán,10 000 a 14 999 hab.,65 y más años,5443,2828,1466,1362,2615,1142,1473
1559,Estados Unidos Mexicanos,16  Michoacán,15 000 a 19 999 hab.,Total,19022,15551,7356,8195,3471,1393,2078
1560,Estados Unidos Mexicanos,16  Michoacán,15 000 a 19 999 hab.,15 a 19 años,3996,3719,1727,1992,277,106,171
1561,Estados Unidos Mexicanos,16  Michoacán,15 000 a 19 999 hab.,20 a 24 años,2883,2608,1139,1469,275,130,145
1562,Estados Unidos Mexicanos,16  Michoacán,15 000 a 19 999 hab.,25 a 29 años,2115,1839,817,1022,276,113,163
1563,Estados Unidos Mexicanos,16  Michoacán,15 000 a 19 999 hab.,30 a 34 años,1743,1487,699,788,256,115,141
1564,Estados Unidos Mexicanos,16  Michoacán,15 000 a 19 999 hab.,35 a 39 años,1498,1216,584,632,282,119,163
1565,Estados Unidos Mexicanos,16  Michoacán,15 000 a 19 999 hab.,40 a 44 años,1311,1021,503,518,290,115,175
1566,Estados Unidos Mexicanos,16  Michoacán,15 000 a 19 999 hab.,45 a 49 años,1139,846,413,433,293,107,186
1567,Estados Unidos Mexicanos,16  Michoacán,15 000 a 19 999 hab.,50 a 54 años,1056,745,377,368,311,106,205
1568,Estados Unidos Mexicanos,16  Michoacán,15 000 a 19 999 hab.,55 a 59 años,767,555,300,255,212,93,119
1569,Estados Unidos Mexicanos,16  Michoacán,15 000 a 19 999 hab.,60 a 64 años,676,447,229,218,229,99,130
1570,Estados Unidos Mexicanos,16  Michoacán,15 000 a 19 999 hab.,65 y más años,1838,1068,568,500,770,290,480
1571,Estados Unidos Mexicanos,16  Michoacán,20 000 a 49 999 hab.,Total,205990,166459,81005,85454,39531,15792,23739
1572,Estados Unidos Mexicanos,16  Michoacán,20 000 a 49 999 hab.,15 a 19 años,43884,40639,19331,21308,3245,1522,1723
1573,Estados Unidos Mexicanos,16  Michoacán,20 000 a 49 999 hab.,20 a 24 años,34053,30286,13832,16454,3767,1512,2255
1574,Estados Unidos Mexicanos,16  Michoacán,20 000 a 49 999 hab.,25 a 29 años,25588,21996,10588,11408,3592,1471,2121
1575,Estados Unidos Mexicanos,16  Michoacán,20 000 a 49 999 hab.,30 a 34 años,20304,16780,8319,8461,3524,1421,2103
1576,Estados Unidos Mexicanos,16  Michoacán,20 000 a 49 999 hab.,35 a 39 años,17629,13954,6910,7044,3675,1391,2284
1577,Estados Unidos Mexicanos,16  Michoacán,20 000 a 49 999 hab.,40 a 44 años,14375,10763,5466,5297,3612,1350,2262
1578,Estados Unidos Mexicanos,16  Michoacán,20 000 a 49 999 hab.,45 a 49 años,12009,8727,4453,4274,3282,1219,2063
1579,Estados Unidos Mexicanos,16  Michoacán,20 000 a 49 999 hab.,50 a 54 años,9998,6773,3600,3173,3225,1227,1998
1580,Estados Unidos Mexicanos,16  Michoacán,20 000 a 49 999 hab.,55 a 59 años,7515,4995,2604,2391,2520,959,1561
1581,Estados Unidos Mexicanos,16  Michoacán,20 000 a 49 999 hab.,60 a 64 años,6125,3749,1931,1818,2376,932,1444
1582,Estados Unidos Mexicanos,16  Michoacán,20 000 a 49 999 hab.,65 y más años,14510,7797,3971,3826,6713,2788,3925
1583,Estados Unidos Mexicanos,16  Michoacán,50 000 a 99 999 hab.,Total,80243,65375,32160,33215,14868,5905,8963
1584,Estados Unidos Mexicanos,16  Michoacán,50 000 a 99 999 hab.,15 a 19 años,16596,15093,7332,7761,1503,689,814
1585,Estados Unidos Mexicanos,16  Michoacán,50 000 a 99 999 hab.,20 a 24 años,12819,11353,5199,6154,1466,570,896
1586,Estados Unidos Mexicanos,16  Michoacán,50 000 a 99 999 hab.,25 a 29 años,10627,9067,4421,4646,1560,630,930
1587,Estados Unidos Mexicanos,16  Michoacán,50 000 a 99 999 hab.,30 a 34 años,8547,7125,3478,3647,1422,547,875
1588,Estados Unidos Mexicanos,16  Michoacán,50 000 a 99 999 hab.,35 a 39 años,7156,5722,2964,2758,1434,518,916
1589,Estados Unidos Mexicanos,16  Michoacán,50 000 a 99 999 hab.,40 a 44 años,5932,4535,2363,2172,1397,525,872
1590,Estados Unidos Mexicanos,16  Michoacán,50 000 a 99 999 hab.,45 a 49 años,4872,3561,1763,1798,1311,515,796
1591,Estados Unidos Mexicanos,16  Michoacán,50 000 a 99 999 hab.,50 a 54 años,3869,2718,1469,1249,1151,454,697
1592,Estados Unidos Mexicanos,16  Michoacán,50 000 a 99 999 hab.,55 a 59 años,2717,1829,984,845,888,373,515
1593,Estados Unidos Mexicanos,16  Michoacán,50 000 a 99 999 hab.,60 a 64 años,2246,1430,707,723,816,317,499
1594,Estados Unidos Mexicanos,16  Michoacán,50 000 a 99 999 hab.,65 y más años,4862,2942,1480,1462,1920,767,1153
1595,Estados Unidos Mexicanos,16  Michoacán,100 000  y más hab.,Total,248089,221768,107794,113974,26321,9366,16955
1596,Estados Unidos Mexicanos,16  Michoacán,100 000  y más hab.,15 a 19 años,55832,54098,26224,27874,1734,710,1024
1597,Estados Unidos Mexicanos,16  Michoacán,100 000  y más hab.,20 a 24 años,45806,43750,21681,22069,2056,789,1267
1598,Estados Unidos Mexicanos,16  Michoacán,100 000  y más hab.,25 a 29 años,30412,28580,13898,14682,1832,684,1148
1599,Estados Unidos Mexicanos,16  Michoacán,100 000  y más hab.,30 a 34 años,22942,20985,10079,10906,1957,682,1275
1600,Estados Unidos Mexicanos,16  Michoacán,100 000  y más hab.,35 a 39 años,19512,17352,8336,9016,2160,689,1471
1601,Estados Unidos Mexicanos,16  Michoacán,100 000  y más hab.,40 a 44 años,16435,13976,6843,7133,2459,819,1640
1602,Estados Unidos Mexicanos,16  Michoacán,100 000  y más hab.,45 a 49 años,14049,11582,5612,5970,2467,868,1599
1603,Estados Unidos Mexicanos,16  Michoacán,100 000  y más hab.,50 a 54 años,11232,8979,4403,4576,2253,780,1473
1604,Estados Unidos Mexicanos,16  Michoacán,100 000  y más hab.,55 a 59 años,8853,6949,3424,3525,1904,640,1264
1605,Estados Unidos Mexicanos,16  Michoacán,100 000  y más hab.,60 a 64 años,6587,4747,2231,2516,1840,675,1165
1606,Estados Unidos Mexicanos,16  Michoacán,100 000  y más hab.,65 y más años,16429,10770,5063,5707,5659,2030,3629
1607,Estados Unidos Mexicanos,17  Morelos,Total,Total,541424,449977,229265,220712,91447,35440,56007
1608,Estados Unidos Mexicanos,17  Morelos,Total,15 a 19 años,110921,104904,52023,52881,6017,2711,3306
1609,Estados Unidos Mexicanos,17  Morelos,Total,20 a 24 años,87085,79617,39043,40574,7468,3163,4305
1610,Estados Unidos Mexicanos,17  Morelos,Total,25 a 29 años,67105,59916,29958,29958,7189,2949,4240
1611,Estados Unidos Mexicanos,17  Morelos,Total,30 a 34 años,52968,45387,23207,22180,7581,3065,4516
1612,Estados Unidos Mexicanos,17  Morelos,Total,35 a 39 años,48299,38911,19825,19086,9388,3504,5884
1613,Estados Unidos Mexicanos,17  Morelos,Total,40 a 44 años,39187,30302,15979,14323,8885,3332,5553
1614,Estados Unidos Mexicanos,17  Morelos,Total,45 a 49 años,35143,25701,13554,12147,9442,3447,5995
1615,Estados Unidos Mexicanos,17  Morelos,Total,50 a 54 años,26844,19313,10447,8866,7531,2755,4776
1616,Estados Unidos Mexicanos,17  Morelos,Total,55 a 59 años,21338,14932,8362,6570,6406,2508,3898
1617,Estados Unidos Mexicanos,17  Morelos,Total,60 a 64 años,14048,9213,5047,4166,4835,1771,3064
1618,Estados Unidos Mexicanos,17  Morelos,Total,65 y más años,38486,21781,11820,9961,16705,6235,10470
1619,Estados Unidos Mexicanos,17  Morelos,1 a 2 499 hab.,Total,133996,103318,55293,48025,30678,12708,17970
1620,Estados Unidos Mexicanos,17  Morelos,1 a 2 499 hab.,15 a 19 años,28402,26086,13373,12713,2316,1123,1193
1621,Estados Unidos Mexicanos,17  Morelos,1 a 2 499 hab.,20 a 24 años,21001,18311,9265,9046,2690,1163,1527
1622,Estados Unidos Mexicanos,17  Morelos,1 a 2 499 hab.,25 a 29 años,15961,13462,7026,6436,2499,1061,1438
1623,Estados Unidos Mexicanos,17  Morelos,1 a 2 499 hab.,30 a 34 años,12578,10041,5288,4753,2537,1108,1429
1624,Estados Unidos Mexicanos,17  Morelos,1 a 2 499 hab.,35 a 39 años,12217,8958,4782,4176,3259,1316,1943
1625,Estados Unidos Mexicanos,17  Morelos,1 a 2 499 hab.,40 a 44 años,9798,6763,3767,2996,3035,1194,1841
1626,Estados Unidos Mexicanos,17  Morelos,1 a 2 499 hab.,45 a 49 años,9035,5898,3328,2570,3137,1216,1921
1627,Estados Unidos Mexicanos,17  Morelos,1 a 2 499 hab.,50 a 54 años,6851,4385,2562,1823,2466,980,1486
1628,Estados Unidos Mexicanos,17  Morelos,1 a 2 499 hab.,55 a 59 años,5361,3320,2045,1275,2041,894,1147
1629,Estados Unidos Mexicanos,17  Morelos,1 a 2 499 hab.,60 a 64 años,3244,1788,1118,670,1456,558,898
1630,Estados Unidos Mexicanos,17  Morelos,1 a 2 499 hab.,65 y más años,9548,4306,2739,1567,5242,2095,3147
1631,Estados Unidos Mexicanos,17  Morelos,2 500 a 4 999 hab.,Total,89677,73568,38193,35375,16109,6185,9924
1632,Estados Unidos Mexicanos,17  Morelos,2 500 a 4 999 hab.,15 a 19 años,18409,17345,8729,8616,1064,453,611
1633,Estados Unidos Mexicanos,17  Morelos,2 500 a 4 999 hab.,20 a 24 años,14393,13159,6537,6622,1234,543,691
1634,Estados Unidos Mexicanos,17  Morelos,2 500 a 4 999 hab.,25 a 29 años,11116,9827,4987,4840,1289,502,787
1635,Estados Unidos Mexicanos,17  Morelos,2 500 a 4 999 hab.,30 a 34 años,8372,7077,3689,3388,1295,483,812
1636,Estados Unidos Mexicanos,17  Morelos,2 500 a 4 999 hab.,35 a 39 años,7868,6293,3190,3103,1575,584,991
1637,Estados Unidos Mexicanos,17  Morelos,2 500 a 4 999 hab.,40 a 44 años,6319,4827,2584,2243,1492,538,954
1638,Estados Unidos Mexicanos,17  Morelos,2 500 a 4 999 hab.,45 a 49 años,6018,4322,2338,1984,1696,603,1093
1639,Estados Unidos Mexicanos,17  Morelos,2 500 a 4 999 hab.,50 a 54 años,4521,3133,1743,1390,1388,503,885
1640,Estados Unidos Mexicanos,17  Morelos,2 500 a 4 999 hab.,55 a 59 años,3616,2470,1464,1006,1146,472,674
1641,Estados Unidos Mexicanos,17  Morelos,2 500 a 4 999 hab.,60 a 64 años,2479,1623,916,707,856,314,542
1642,Estados Unidos Mexicanos,17  Morelos,2 500 a 4 999 hab.,65 y más años,6566,3492,2016,1476,3074,1190,1884
1643,Estados Unidos Mexicanos,17  Morelos,5 000 a 9 999 hab.,Total,92645,74083,38576,35507,18562,7565,10997
1644,Estados Unidos Mexicanos,17  Morelos,5 000 a 9 999 hab.,15 a 19 años,19434,18205,9152,9053,1229,577,652
1645,Estados Unidos Mexicanos,17  Morelos,5 000 a 9 999 hab.,20 a 24 años,14728,13137,6610,6527,1591,699,892
1646,Estados Unidos Mexicanos,17  Morelos,5 000 a 9 999 hab.,25 a 29 años,11226,9693,4947,4746,1533,655,878
1647,Estados Unidos Mexicanos,17  Morelos,5 000 a 9 999 hab.,30 a 34 años,9065,7368,3831,3537,1697,708,989
1648,Estados Unidos Mexicanos,17  Morelos,5 000 a 9 999 hab.,35 a 39 años,8366,6396,3319,3077,1970,776,1194
1649,Estados Unidos Mexicanos,17  Morelos,5 000 a 9 999 hab.,40 a 44 años,6795,4982,2688,2294,1813,734,1079
1650,Estados Unidos Mexicanos,17  Morelos,5 000 a 9 999 hab.,45 a 49 años,6134,4191,2301,1890,1943,735,1208
1651,Estados Unidos Mexicanos,17  Morelos,5 000 a 9 999 hab.,50 a 54 años,4522,3067,1706,1361,1455,584,871
1652,Estados Unidos Mexicanos,17  Morelos,5 000 a 9 999 hab.,55 a 59 años,3596,2387,1342,1045,1209,466,743
1653,Estados Unidos Mexicanos,17  Morelos,5 000 a 9 999 hab.,60 a 64 años,2261,1351,790,561,910,360,550
1654,Estados Unidos Mexicanos,17  Morelos,5 000 a 9 999 hab.,65 y más años,6518,3306,1890,1416,3212,1271,1941
1655,Estados Unidos Mexicanos,17  Morelos,10 000 a 14 999 hab.,Total,38971,32255,16399,15856,6716,2654,4062
1656,Estados Unidos Mexicanos,17  Morelos,10 000 a 14 999 hab.,15 a 19 años,7783,7328,3704,3624,455,169,286
1657,Estados Unidos Mexicanos,17  Morelos,10 000 a 14 999 hab.,20 a 24 años,6193,5612,2701,2911,581,246,335
1658,Estados Unidos Mexicanos,17  Morelos,10 000 a 14 999 hab.,25 a 29 años,5232,4662,2247,2415,570,225,345
1659,Estados Unidos Mexicanos,17  Morelos,10 000 a 14 999 hab.,30 a 34 años,4258,3635,1890,1745,623,256,367
1660,Estados Unidos Mexicanos,17  Morelos,10 000 a 14 999 hab.,35 a 39 años,3648,2930,1536,1394,718,279,439
1661,Estados Unidos Mexicanos,17  Morelos,10 000 a 14 999 hab.,40 a 44 años,2826,2155,1145,1010,671,280,391
1662,Estados Unidos Mexicanos,17  Morelos,10 000 a 14 999 hab.,45 a 49 años,2497,1802,978,824,695,272,423
1663,Estados Unidos Mexicanos,17  Morelos,10 000 a 14 999 hab.,50 a 54 años,1817,1319,724,595,498,187,311
1664,Estados Unidos Mexicanos,17  Morelos,10 000 a 14 999 hab.,55 a 59 años,1306,863,446,417,443,179,264
1665,Estados Unidos Mexicanos,17  Morelos,10 000 a 14 999 hab.,60 a 64 años,936,575,313,262,361,149,212
1666,Estados Unidos Mexicanos,17  Morelos,10 000 a 14 999 hab.,65 y más años,2475,1374,715,659,1101,412,689
1667,Estados Unidos Mexicanos,17  Morelos,15 000 a 19 999 hab.,Total,40034,34605,17289,17316,5429,1835,3594
1668,Estados Unidos Mexicanos,17  Morelos,15 000 a 19 999 hab.,15 a 19 años,8422,8151,3934,4217,271,114,157
1669,Estados Unidos Mexicanos,17  Morelos,15 000 a 19 999 hab.,20 a 24 años,6665,6324,3093,3231,341,130,211
1670,Estados Unidos Mexicanos,17  Morelos,15 000 a 19 999 hab.,25 a 29 años,4889,4561,2249,2312,328,127,201
1671,Estados Unidos Mexicanos,17  Morelos,15 000 a 19 999 hab.,30 a 34 años,3685,3326,1641,1685,359,104,255
1672,Estados Unidos Mexicanos,17  Morelos,15 000 a 19 999 hab.,35 a 39 años,3426,2892,1452,1440,534,160,374
1673,Estados Unidos Mexicanos,17  Morelos,15 000 a 19 999 hab.,40 a 44 años,2885,2358,1183,1175,527,173,354
1674,Estados Unidos Mexicanos,17  Morelos,15 000 a 19 999 hab.,45 a 49 años,2550,1983,994,989,567,182,385
1675,Estados Unidos Mexicanos,17  Morelos,15 000 a 19 999 hab.,50 a 54 años,1929,1443,759,684,486,140,346
1676,Estados Unidos Mexicanos,17  Morelos,15 000 a 19 999 hab.,55 a 59 años,1622,1180,651,529,442,160,282
1677,Estados Unidos Mexicanos,17  Morelos,15 000 a 19 999 hab.,60 a 64 años,999,681,383,298,318,95,223
1678,Estados Unidos Mexicanos,17  Morelos,15 000 a 19 999 hab.,65 y más años,2962,1706,950,756,1256,450,806
1679,Estados Unidos Mexicanos,17  Morelos,20 000 a 49 999 hab.,Total,27226,23913,11603,12310,3313,1087,2226
1680,Estados Unidos Mexicanos,17  Morelos,20 000 a 49 999 hab.,15 a 19 años,5120,4944,2323,2621,176,75,101
1681,Estados Unidos Mexicanos,17  Morelos,20 000 a 49 999 hab.,20 a 24 años,4420,4176,1953,2223,244,78,166
1682,Estados Unidos Mexicanos,17  Morelos,20 000 a 49 999 hab.,25 a 29 años,3447,3238,1542,1696,209,77,132
1683,Estados Unidos Mexicanos,17  Morelos,20 000 a 49 999 hab.,30 a 34 años,2720,2429,1207,1222,291,113,178
1684,Estados Unidos Mexicanos,17  Morelos,20 000 a 49 999 hab.,35 a 39 años,2407,2089,1035,1054,318,92,226
1685,Estados Unidos Mexicanos,17  Morelos,20 000 a 49 999 hab.,40 a 44 años,2093,1764,916,848,329,111,218
1686,Estados Unidos Mexicanos,17  Morelos,20 000 a 49 999 hab.,45 a 49 años,1709,1390,691,699,319,108,211
1687,Estados Unidos Mexicanos,17  Morelos,20 000 a 49 999 hab.,50 a 54 años,1348,1069,531,538,279,72,207
1688,Estados Unidos Mexicanos,17  Morelos,20 000 a 49 999 hab.,55 a 59 años,1116,867,459,408,249,71,178
1689,Estados Unidos Mexicanos,17  Morelos,20 000 a 49 999 hab.,60 a 64 años,775,562,278,284,213,72,141
1690,Estados Unidos Mexicanos,17  Morelos,20 000 a 49 999 hab.,65 y más años,2071,1385,668,717,686,218,468
1691,Estados Unidos Mexicanos,17  Morelos,50 000 a 99 999 hab.,Total,0,0,0,0,0,0,0
1692,Estados Unidos Mexicanos,17  Morelos,100 000  y más hab.,Total,118875,108235,51912,56323,10640,3406,7234
1693,Estados Unidos Mexicanos,17  Morelos,100 000  y más hab.,15 a 19 años,23351,22845,10808,12037,506,200,306
1694,Estados Unidos Mexicanos,17  Morelos,100 000  y más hab.,20 a 24 años,19685,18898,8884,10014,787,304,483
1695,Estados Unidos Mexicanos,17  Morelos,100 000  y más hab.,25 a 29 años,15234,14473,6960,7513,761,302,459
1696,Estados Unidos Mexicanos,17  Morelos,100 000  y más hab.,30 a 34 años,12290,11511,5661,5850,779,293,486
1697,Estados Unidos Mexicanos,17  Morelos,100 000  y más hab.,35 a 39 años,10367,9353,4511,4842,1014,297,717
1698,Estados Unidos Mexicanos,17  Morelos,100 000  y más hab.,40 a 44 años,8471,7453,3696,3757,1018,302,716
1699,Estados Unidos Mexicanos,17  Morelos,100 000  y más hab.,45 a 49 años,7200,6115,2924,3191,1085,331,754
1700,Estados Unidos Mexicanos,17  Morelos,100 000  y más hab.,50 a 54 años,5856,4897,2422,2475,959,289,670
1701,Estados Unidos Mexicanos,17  Morelos,100 000  y más hab.,55 a 59 años,4721,3845,1955,1890,876,266,610
1702,Estados Unidos Mexicanos,17  Morelos,100 000  y más hab.,60 a 64 años,3354,2633,1249,1384,721,223,498
1703,Estados Unidos Mexicanos,17  Morelos,100 000  y más hab.,65 y más años,8346,6212,2842,3370,2134,599,1535
1704,Estados Unidos Mexicanos,18  Nayarit,Total,Total,394244,329245,165493,163752,64999,31410,33589
1705,Estados Unidos Mexicanos,18  Nayarit,Total,15 a 19 años,83160,79083,39671,39412,4077,2078,1999
1706,Estados Unidos Mexicanos,18  Nayarit,Total,20 a 24 años,59430,54889,26740,28149,4541,2145,2396
1707,Estados Unidos Mexicanos,18  Nayarit,Total,25 a 29 años,45515,40575,20036,20539,4940,2328,2612
1708,Estados Unidos Mexicanos,18  Nayarit,Total,30 a 34 años,36728,31956,15809,16147,4772,2213,2559
1709,Estados Unidos Mexicanos,18  Nayarit,Total,35 a 39 años,34777,28969,14410,14559,5808,2733,3075
1710,Estados Unidos Mexicanos,18  Nayarit,Total,40 a 44 años,29296,23454,12203,11251,5842,2732,3110
1711,Estados Unidos Mexicanos,18  Nayarit,Total,45 a 49 años,24397,18439,9570,8869,5958,2815,3143
1712,Estados Unidos Mexicanos,18  Nayarit,Total,50 a 54 años,19759,14238,7481,6757,5521,2595,2926
1713,Estados Unidos Mexicanos,18  Nayarit,Total,55 a 59 años,16474,11635,6127,5508,4839,2392,2447
1714,Estados Unidos Mexicanos,18  Nayarit,Total,60 a 64 años,13771,8879,4662,4217,4892,2429,2463
1715,Estados Unidos Mexicanos,18  Nayarit,Total,65 y más años,30937,17128,8784,8344,13809,6950,6859
1716,Estados Unidos Mexicanos,18  Nayarit,1 a 2 499 hab.,Total,160733,123015,64574,58441,37718,18817,18901
1717,Estados Unidos Mexicanos,18  Nayarit,1 a 2 499 hab.,15 a 19 años,34256,31438,16311,15127,2818,1396,1422
1718,Estados Unidos Mexicanos,18  Nayarit,1 a 2 499 hab.,20 a 24 años,23423,20448,10473,9975,2975,1358,1617
1719,Estados Unidos Mexicanos,18  Nayarit,1 a 2 499 hab.,25 a 29 años,18159,14844,7671,7173,3315,1550,1765
1720,Estados Unidos Mexicanos,18  Nayarit,1 a 2 499 hab.,30 a 34 años,14534,11533,5891,5642,3001,1417,1584
1721,Estados Unidos Mexicanos,18  Nayarit,1 a 2 499 hab.,35 a 39 años,14705,10976,5614,5362,3729,1772,1957
1722,Estados Unidos Mexicanos,18  Nayarit,1 a 2 499 hab.,40 a 44 años,12035,8626,4658,3968,3409,1662,1747
1723,Estados Unidos Mexicanos,18  Nayarit,1 a 2 499 hab.,45 a 49 años,10386,6852,3745,3107,3534,1771,1763
1724,Estados Unidos Mexicanos,18  Nayarit,1 a 2 499 hab.,50 a 54 años,7969,5056,2775,2281,2913,1456,1457
1725,Estados Unidos Mexicanos,18  Nayarit,1 a 2 499 hab.,55 a 59 años,6710,4223,2321,1902,2487,1302,1185
1726,Estados Unidos Mexicanos,18  Nayarit,1 a 2 499 hab.,60 a 64 años,5861,3224,1812,1412,2637,1407,1230
1727,Estados Unidos Mexicanos,18  Nayarit,1 a 2 499 hab.,65 y más años,12695,5795,3303,2492,6900,3726,3174
1728,Estados Unidos Mexicanos,18  Nayarit,2 500 a 4 999 hab.,Total,49179,41313,21472,19841,7866,3907,3959
1729,Estados Unidos Mexicanos,18  Nayarit,2 500 a 4 999 hab.,15 a 19 años,9951,9540,4838,4702,411,231,180
1730,Estados Unidos Mexicanos,18  Nayarit,2 500 a 4 999 hab.,20 a 24 años,7109,6623,3372,3251,486,251,235
1731,Estados Unidos Mexicanos,18  Nayarit,2 500 a 4 999 hab.,25 a 29 años,5609,5091,2640,2451,518,243,275
1732,Estados Unidos Mexicanos,18  Nayarit,2 500 a 4 999 hab.,30 a 34 años,4611,4090,2111,1979,521,258,263
1733,Estados Unidos Mexicanos,18  Nayarit,2 500 a 4 999 hab.,35 a 39 años,4442,3784,1951,1833,658,323,335
1734,Estados Unidos Mexicanos,18  Nayarit,2 500 a 4 999 hab.,40 a 44 años,3874,3131,1710,1421,743,372,371
1735,Estados Unidos Mexicanos,18  Nayarit,2 500 a 4 999 hab.,45 a 49 años,3112,2394,1278,1116,718,337,381
1736,Estados Unidos Mexicanos,18  Nayarit,2 500 a 4 999 hab.,50 a 54 años,2601,1897,1033,864,704,332,372
1737,Estados Unidos Mexicanos,18  Nayarit,2 500 a 4 999 hab.,55 a 59 años,2131,1481,830,651,650,315,335
1738,Estados Unidos Mexicanos,18  Nayarit,2 500 a 4 999 hab.,60 a 64 años,1682,1093,586,507,589,307,282
1739,Estados Unidos Mexicanos,18  Nayarit,2 500 a 4 999 hab.,65 y más años,4057,2189,1123,1066,1868,938,930
1740,Estados Unidos Mexicanos,18  Nayarit,5 000 a 9 999 hab.,Total,21991,18653,9310,9343,3338,1676,1662
1741,Estados Unidos Mexicanos,18  Nayarit,5 000 a 9 999 hab.,15 a 19 años,4651,4490,2408,2082,161,103,58
1742,Estados Unidos Mexicanos,18  Nayarit,5 000 a 9 999 hab.,20 a 24 años,3170,2943,1360,1583,227,121,106
1743,Estados Unidos Mexicanos,18  Nayarit,5 000 a 9 999 hab.,25 a 29 años,2536,2330,1123,1207,206,100,106
1744,Estados Unidos Mexicanos,18  Nayarit,5 000 a 9 999 hab.,30 a 34 años,2040,1822,885,937,218,109,109
1745,Estados Unidos Mexicanos,18  Nayarit,5 000 a 9 999 hab.,35 a 39 años,1858,1599,778,821,259,117,142
1746,Estados Unidos Mexicanos,18  Nayarit,5 000 a 9 999 hab.,40 a 44 años,1547,1297,636,661,250,120,130
1747,Estados Unidos Mexicanos,18  Nayarit,5 000 a 9 999 hab.,45 a 49 años,1287,993,532,461,294,139,155
1748,Estados Unidos Mexicanos,18  Nayarit,5 000 a 9 999 hab.,50 a 54 años,1161,816,393,423,345,158,187
1749,Estados Unidos Mexicanos,18  Nayarit,5 000 a 9 999 hab.,55 a 59 años,987,693,367,326,294,142,152
1750,Estados Unidos Mexicanos,18  Nayarit,5 000 a 9 999 hab.,60 a 64 años,805,523,255,268,282,137,145
1751,Estados Unidos Mexicanos,18  Nayarit,5 000 a 9 999 hab.,65 y más años,1949,1147,573,574,802,430,372
1752,Estados Unidos Mexicanos,18  Nayarit,10 000 a 14 999 hab.,Total,35739,30461,15038,15423,5278,2419,2859
1753,Estados Unidos Mexicanos,18  Nayarit,10 000 a 14 999 hab.,15 a 19 años,7608,7362,3648,3714,246,134,112
1754,Estados Unidos Mexicanos,18  Nayarit,10 000 a 14 999 hab.,20 a 24 años,5337,5040,2369,2671,297,140,157
1755,Estados Unidos Mexicanos,18  Nayarit,10 000 a 14 999 hab.,25 a 29 años,4128,3807,1808,1999,321,158,163
1756,Estados Unidos Mexicanos,18  Nayarit,10 000 a 14 999 hab.,30 a 34 años,3300,2960,1462,1498,340,130,210
1757,Estados Unidos Mexicanos,18  Nayarit,10 000 a 14 999 hab.,35 a 39 años,3016,2623,1290,1333,393,183,210
1758,Estados Unidos Mexicanos,18  Nayarit,10 000 a 14 999 hab.,40 a 44 años,2770,2242,1131,1111,528,211,317
1759,Estados Unidos Mexicanos,18  Nayarit,10 000 a 14 999 hab.,45 a 49 años,2187,1691,843,848,496,220,276
1760,Estados Unidos Mexicanos,18  Nayarit,10 000 a 14 999 hab.,50 a 54 años,1796,1293,680,613,503,233,270
1761,Estados Unidos Mexicanos,18  Nayarit,10 000 a 14 999 hab.,55 a 59 años,1484,1039,536,503,445,212,233
1762,Estados Unidos Mexicanos,18  Nayarit,10 000 a 14 999 hab.,60 a 64 años,1311,853,446,407,458,200,258
1763,Estados Unidos Mexicanos,18  Nayarit,10 000 a 14 999 hab.,65 y más años,2802,1551,825,726,1251,598,653
1764,Estados Unidos Mexicanos,18  Nayarit,15 000 a 19 999 hab.,Total,28333,25205,11991,13214,3128,1376,1752
1765,Estados Unidos Mexicanos,18  Nayarit,15 000 a 19 999 hab.,15 a 19 años,6094,5984,2850,3134,110,60,50
1766,Estados Unidos Mexicanos,18  Nayarit,15 000 a 19 999 hab.,20 a 24 años,3970,3822,1764,2058,148,66,82
1767,Estados Unidos Mexicanos,18  Nayarit,15 000 a 19 999 hab.,25 a 29 años,3074,2899,1292,1607,175,81,94
1768,Estados Unidos Mexicanos,18  Nayarit,15 000 a 19 999 hab.,30 a 34 años,2492,2281,1100,1181,211,91,120
1769,Estados Unidos Mexicanos,18  Nayarit,15 000 a 19 999 hab.,35 a 39 años,2362,2151,1001,1150,211,92,119
1770,Estados Unidos Mexicanos,18  Nayarit,15 000 a 19 999 hab.,40 a 44 años,2130,1876,966,910,254,97,157
1771,Estados Unidos Mexicanos,18  Nayarit,15 000 a 19 999 hab.,45 a 49 años,1824,1561,739,822,263,108,155
1772,Estados Unidos Mexicanos,18  Nayarit,15 000 a 19 999 hab.,50 a 54 años,1517,1228,609,619,289,116,173
1773,Estados Unidos Mexicanos,18  Nayarit,15 000 a 19 999 hab.,55 a 59 años,1314,1065,529,536,249,113,136
1774,Estados Unidos Mexicanos,18  Nayarit,15 000 a 19 999 hab.,60 a 64 años,1075,777,408,369,298,139,159
1775,Estados Unidos Mexicanos,18  Nayarit,15 000 a 19 999 hab.,65 y más años,2481,1561,733,828,920,413,507
1776,Estados Unidos Mexicanos,18  Nayarit,20 000 a 49 999 hab.,Total,14130,12408,6098,6310,1722,789,933
1777,Estados Unidos Mexicanos,18  Nayarit,20 000 a 49 999 hab.,15 a 19 años,2952,2872,1420,1452,80,44,36
1778,Estados Unidos Mexicanos,18  Nayarit,20 000 a 49 999 hab.,20 a 24 años,2042,1974,964,1010,68,44,24
1779,Estados Unidos Mexicanos,18  Nayarit,20 000 a 49 999 hab.,25 a 29 años,1489,1411,676,735,78,41,37
1780,Estados Unidos Mexicanos,18  Nayarit,20 000 a 49 999 hab.,30 a 34 años,1305,1210,573,637,95,49,46
1781,Estados Unidos Mexicanos,18  Nayarit,20 000 a 49 999 hab.,35 a 39 años,1175,1049,497,552,126,57,69
1782,Estados Unidos Mexicanos,18  Nayarit,20 000 a 49 999 hab.,40 a 44 años,1030,909,467,442,121,55,66
1783,Estados Unidos Mexicanos,18  Nayarit,20 000 a 49 999 hab.,45 a 49 años,908,760,371,389,148,47,101
1784,Estados Unidos Mexicanos,18  Nayarit,20 000 a 49 999 hab.,50 a 54 años,805,607,316,291,198,86,112
1785,Estados Unidos Mexicanos,18  Nayarit,20 000 a 49 999 hab.,55 a 59 años,669,510,260,250,159,77,82
1786,Estados Unidos Mexicanos,18  Nayarit,20 000 a 49 999 hab.,60 a 64 años,516,368,185,183,148,66,82
1787,Estados Unidos Mexicanos,18  Nayarit,20 000 a 49 999 hab.,65 y más años,1239,738,369,369,501,223,278
1788,Estados Unidos Mexicanos,18  Nayarit,50 000 a 99 999 hab.,Total,0,0,0,0,0,0,0
1789,Estados Unidos Mexicanos,18  Nayarit,100 000  y más hab.,Total,84139,78190,37010,41180,5949,2426,3523
1790,Estados Unidos Mexicanos,18  Nayarit,100 000  y más hab.,15 a 19 años,17648,17397,8196,9201,251,110,141
1791,Estados Unidos Mexicanos,18  Nayarit,100 000  y más hab.,20 a 24 años,14379,14039,6438,7601,340,165,175
1792,Estados Unidos Mexicanos,18  Nayarit,100 000  y más hab.,25 a 29 años,10520,10193,4826,5367,327,155,172
1793,Estados Unidos Mexicanos,18  Nayarit,100 000  y más hab.,30 a 34 años,8446,8060,3787,4273,386,159,227
1794,Estados Unidos Mexicanos,18  Nayarit,100 000  y más hab.,35 a 39 años,7219,6787,3279,3508,432,189,243
1795,Estados Unidos Mexicanos,18  Nayarit,100 000  y más hab.,40 a 44 años,5910,5373,2635,2738,537,215,322
1796,Estados Unidos Mexicanos,18  Nayarit,100 000  y más hab.,45 a 49 años,4693,4188,2062,2126,505,193,312
1797,Estados Unidos Mexicanos,18  Nayarit,100 000  y más hab.,50 a 54 años,3910,3341,1675,1666,569,214,355
1798,Estados Unidos Mexicanos,18  Nayarit,100 000  y más hab.,55 a 59 años,3179,2624,1284,1340,555,231,324
1799,Estados Unidos Mexicanos,18  Nayarit,100 000  y más hab.,60 a 64 años,2521,2041,970,1071,480,173,307
1800,Estados Unidos Mexicanos,18  Nayarit,100 000  y más hab.,65 y más años,5714,4147,1858,2289,1567,622,945
1801,Estados Unidos Mexicanos,19  Nuevo León,Total,Total,1460228,1353941,677139,676802,106287,43063,63224
1802,Estados Unidos Mexicanos,19  Nuevo León,Total,15 a 19 años,291955,286392,142541,143851,5563,2787,2776
1803,Estados Unidos Mexicanos,19  Nuevo León,Total,20 a 24 años,248150,241873,121020,120853,6277,2619,3658
1804,Estados Unidos Mexicanos,19  Nuevo León,Total,25 a 29 años,184787,178217,87653,90564,6570,2682,3888
1805,Estados Unidos Mexicanos,19  Nuevo León,Total,30 a 34 años,153025,145278,72458,72820,7747,3069,4678
1806,Estados Unidos Mexicanos,19  Nuevo León,Total,35 a 39 años,130203,120684,61000,59684,9519,3674,5845
1807,Estados Unidos Mexicanos,19  Nuevo León,Total,40 a 44 años,108937,98857,50557,48300,10080,4042,6038
1808,Estados Unidos Mexicanos,19  Nuevo León,Total,45 a 49 años,85087,75119,38188,36931,9968,3934,6034
1809,Estados Unidos Mexicanos,19  Nuevo León,Total,50 a 54 años,70692,61105,30644,30461,9587,3691,5896
1810,Estados Unidos Mexicanos,19  Nuevo León,Total,55 a 59 años,55280,47330,24305,23025,7950,3152,4798
1811,Estados Unidos Mexicanos,19  Nuevo León,Total,60 a 64 años,39762,32408,15990,16418,7354,2882,4472
1812,Estados Unidos Mexicanos,19  Nuevo León,Total,65 y más años,92350,66678,32783,33895,25672,10531,15141
1813,Estados Unidos Mexicanos,19  Nuevo León,1 a 2 499 hab.,Total,173244,144906,77131,67775,28338,13992,14346
1814,Estados Unidos Mexicanos,19  Nuevo León,1 a 2 499 hab.,15 a 19 años,33002,31370,16595,14775,1632,917,715
1815,Estados Unidos Mexicanos,19  Nuevo León,1 a 2 499 hab.,20 a 24 años,23413,21964,11389,10575,1449,722,727
1816,Estados Unidos Mexicanos,19  Nuevo León,1 a 2 499 hab.,25 a 29 años,17101,15592,7978,7614,1509,655,854
1817,Estados Unidos Mexicanos,19  Nuevo León,1 a 2 499 hab.,30 a 34 años,16074,14149,7223,6926,1925,886,1039
1818,Estados Unidos Mexicanos,19  Nuevo León,1 a 2 499 hab.,35 a 39 años,15977,13460,7036,6424,2517,1143,1374
1819,Estados Unidos Mexicanos,19  Nuevo León,1 a 2 499 hab.,40 a 44 años,14312,11727,6353,5374,2585,1289,1296
1820,Estados Unidos Mexicanos,19  Nuevo León,1 a 2 499 hab.,45 a 49 años,11644,9145,4870,4275,2499,1206,1293
1821,Estados Unidos Mexicanos,19  Nuevo León,1 a 2 499 hab.,50 a 54 años,9820,7455,4082,3373,2365,1180,1185
1822,Estados Unidos Mexicanos,19  Nuevo León,1 a 2 499 hab.,55 a 59 años,8089,6070,3450,2620,2019,990,1029
1823,Estados Unidos Mexicanos,19  Nuevo León,1 a 2 499 hab.,60 a 64 años,6666,4536,2531,2005,2130,1021,1109
1824,Estados Unidos Mexicanos,19  Nuevo León,1 a 2 499 hab.,65 y más años,17146,9438,5624,3814,7708,3983,3725
1825,Estados Unidos Mexicanos,19  Nuevo León,2 500 a 4 999 hab.,Total,34365,31272,15571,15701,3093,1434,1659
1826,Estados Unidos Mexicanos,19  Nuevo León,2 500 a 4 999 hab.,15 a 19 años,6951,6812,3320,3492,139,91,48
1827,Estados Unidos Mexicanos,19  Nuevo León,2 500 a 4 999 hab.,20 a 24 años,5144,4985,2443,2542,159,68,91
1828,Estados Unidos Mexicanos,19  Nuevo León,2 500 a 4 999 hab.,25 a 29 años,3830,3658,1842,1816,172,77,95
1829,Estados Unidos Mexicanos,19  Nuevo León,2 500 a 4 999 hab.,30 a 34 años,3368,3166,1541,1625,202,95,107
1830,Estados Unidos Mexicanos,19  Nuevo León,2 500 a 4 999 hab.,35 a 39 años,3111,2849,1446,1403,262,124,138
1831,Estados Unidos Mexicanos,19  Nuevo León,2 500 a 4 999 hab.,40 a 44 años,2741,2441,1247,1194,300,120,180
1832,Estados Unidos Mexicanos,19  Nuevo León,2 500 a 4 999 hab.,45 a 49 años,2041,1759,890,869,282,138,144
1833,Estados Unidos Mexicanos,19  Nuevo León,2 500 a 4 999 hab.,50 a 54 años,1726,1432,740,692,294,134,160
1834,Estados Unidos Mexicanos,19  Nuevo León,2 500 a 4 999 hab.,55 a 59 años,1380,1135,574,561,245,117,128
1835,Estados Unidos Mexicanos,19  Nuevo León,2 500 a 4 999 hab.,60 a 64 años,1073,855,416,439,218,99,119
1836,Estados Unidos Mexicanos,19  Nuevo León,2 500 a 4 999 hab.,65 y más años,3000,2180,1112,1068,820,371,449
1837,Estados Unidos Mexicanos,19  Nuevo León,5 000 a 9 999 hab.,Total,44757,40854,20532,20322,3903,1596,2307
1838,Estados Unidos Mexicanos,19  Nuevo León,5 000 a 9 999 hab.,15 a 19 años,8708,8522,4300,4222,186,106,80
1839,Estados Unidos Mexicanos,19  Nuevo León,5 000 a 9 999 hab.,20 a 24 años,6609,6409,3160,3249,200,81,119
1840,Estados Unidos Mexicanos,19  Nuevo León,5 000 a 9 999 hab.,25 a 29 años,5350,5114,2460,2654,236,99,137
1841,Estados Unidos Mexicanos,19  Nuevo León,5 000 a 9 999 hab.,30 a 34 años,4883,4600,2310,2290,283,121,162
1842,Estados Unidos Mexicanos,19  Nuevo León,5 000 a 9 999 hab.,35 a 39 años,4393,4063,2024,2039,330,120,210
1843,Estados Unidos Mexicanos,19  Nuevo León,5 000 a 9 999 hab.,40 a 44 años,3542,3180,1673,1507,362,126,236
1844,Estados Unidos Mexicanos,19  Nuevo León,5 000 a 9 999 hab.,45 a 49 años,2625,2273,1152,1121,352,159,193
1845,Estados Unidos Mexicanos,19  Nuevo León,5 000 a 9 999 hab.,50 a 54 años,2099,1782,934,848,317,132,185
1846,Estados Unidos Mexicanos,19  Nuevo León,5 000 a 9 999 hab.,55 a 59 años,1765,1455,771,684,310,115,195
1847,Estados Unidos Mexicanos,19  Nuevo León,5 000 a 9 999 hab.,60 a 64 años,1307,1014,508,506,293,126,167
1848,Estados Unidos Mexicanos,19  Nuevo León,5 000 a 9 999 hab.,65 y más años,3476,2442,1240,1202,1034,411,623
1849,Estados Unidos Mexicanos,19  Nuevo León,10 000 a 14 999 hab.,Total,21053,19416,9759,9657,1637,689,948
1850,Estados Unidos Mexicanos,19  Nuevo León,10 000 a 14 999 hab.,15 a 19 años,4272,4195,2077,2118,77,35,42
1851,Estados Unidos Mexicanos,19  Nuevo León,10 000 a 14 999 hab.,20 a 24 años,3392,3295,1616,1679,97,39,58
1852,Estados Unidos Mexicanos,19  Nuevo León,10 000 a 14 999 hab.,25 a 29 años,2578,2489,1257,1232,89,33,56
1853,Estados Unidos Mexicanos,19  Nuevo León,10 000 a 14 999 hab.,30 a 34 años,2191,2075,1048,1027,116,45,71
1854,Estados Unidos Mexicanos,19  Nuevo León,10 000 a 14 999 hab.,35 a 39 años,1984,1857,938,919,127,47,80
1855,Estados Unidos Mexicanos,19  Nuevo León,10 000 a 14 999 hab.,40 a 44 años,1656,1477,730,747,179,73,106
1856,Estados Unidos Mexicanos,19  Nuevo León,10 000 a 14 999 hab.,45 a 49 años,1292,1142,579,563,150,60,90
1857,Estados Unidos Mexicanos,19  Nuevo León,10 000 a 14 999 hab.,50 a 54 años,977,842,437,405,135,53,82
1858,Estados Unidos Mexicanos,19  Nuevo León,10 000 a 14 999 hab.,55 a 59 años,780,652,341,311,128,65,63
1859,Estados Unidos Mexicanos,19  Nuevo León,10 000 a 14 999 hab.,60 a 64 años,588,460,256,204,128,50,78
1860,Estados Unidos Mexicanos,19  Nuevo León,10 000 a 14 999 hab.,65 y más años,1343,932,480,452,411,189,222
1861,Estados Unidos Mexicanos,19  Nuevo León,15 000 a 19 999 hab.,Total,0,0,0,0,0,0,0
1862,Estados Unidos Mexicanos,19  Nuevo León,20 000 a 49 999 hab.,Total,65238,60516,29608,30908,4722,2116,2606
1863,Estados Unidos Mexicanos,19  Nuevo León,20 000 a 49 999 hab.,15 a 19 años,13521,13261,6487,6774,260,129,131
1864,Estados Unidos Mexicanos,19  Nuevo León,20 000 a 49 999 hab.,20 a 24 años,9932,9649,4643,5006,283,125,158
1865,Estados Unidos Mexicanos,19  Nuevo León,20 000 a 49 999 hab.,25 a 29 años,7236,6957,3365,3592,279,115,164
1866,Estados Unidos Mexicanos,19  Nuevo León,20 000 a 49 999 hab.,30 a 34 años,6295,6023,2903,3120,272,109,163
1867,Estados Unidos Mexicanos,19  Nuevo León,20 000 a 49 999 hab.,35 a 39 años,5937,5599,2740,2859,338,129,209
1868,Estados Unidos Mexicanos,19  Nuevo León,20 000 a 49 999 hab.,40 a 44 años,5397,4975,2460,2515,422,196,226
1869,Estados Unidos Mexicanos,19  Nuevo León,20 000 a 49 999 hab.,45 a 49 años,4017,3624,1806,1818,393,180,213
1870,Estados Unidos Mexicanos,19  Nuevo León,20 000 a 49 999 hab.,50 a 54 años,3458,3056,1538,1518,402,172,230
1871,Estados Unidos Mexicanos,19  Nuevo León,20 000 a 49 999 hab.,55 a 59 años,2633,2303,1196,1107,330,162,168
1872,Estados Unidos Mexicanos,19  Nuevo León,20 000 a 49 999 hab.,60 a 64 años,1962,1602,775,827,360,160,200
1873,Estados Unidos Mexicanos,19  Nuevo León,20 000 a 49 999 hab.,65 y más años,4850,3467,1695,1772,1383,639,744
1874,Estados Unidos Mexicanos,19  Nuevo León,50 000 a 99 999 hab.,Total,97634,91172,43676,47496,6462,2452,4010
1875,Estados Unidos Mexicanos,19  Nuevo León,50 000 a 99 999 hab.,15 a 19 años,21128,20721,9451,11270,407,177,230
1876,Estados Unidos Mexicanos,19  Nuevo León,50 000 a 99 999 hab.,20 a 24 años,17374,16926,7893,9033,448,180,268
1877,Estados Unidos Mexicanos,19  Nuevo León,50 000 a 99 999 hab.,25 a 29 años,12611,12139,5676,6463,472,192,280
1878,Estados Unidos Mexicanos,19  Nuevo León,50 000 a 99 999 hab.,30 a 34 años,10790,10204,4945,5259,586,213,373
1879,Estados Unidos Mexicanos,19  Nuevo León,50 000 a 99 999 hab.,35 a 39 años,8964,8311,4138,4173,653,229,424
1880,Estados Unidos Mexicanos,19  Nuevo León,50 000 a 99 999 hab.,40 a 44 años,7132,6484,3272,3212,648,241,407
1881,Estados Unidos Mexicanos,19  Nuevo León,50 000 a 99 999 hab.,45 a 49 años,5433,4822,2489,2333,611,245,366
1882,Estados Unidos Mexicanos,19  Nuevo León,50 000 a 99 999 hab.,50 a 54 años,4349,3730,1911,1819,619,207,412
1883,Estados Unidos Mexicanos,19  Nuevo León,50 000 a 99 999 hab.,55 a 59 años,3228,2764,1438,1326,464,174,290
1884,Estados Unidos Mexicanos,19  Nuevo León,50 000 a 99 999 hab.,60 a 64 años,2162,1794,897,897,368,142,226
1885,Estados Unidos Mexicanos,19  Nuevo León,50 000 a 99 999 hab.,65 y más años,4463,3277,1566,1711,1186,452,734
1886,Estados Unidos Mexicanos,19  Nuevo León,100 000  y más hab.,Total,1023937,965805,480862,484943,58132,20784,37348
1887,Estados Unidos Mexicanos,19  Nuevo León,100 000  y más hab.,15 a 19 años,204373,201511,100311,101200,2862,1332,1530
1888,Estados Unidos Mexicanos,19  Nuevo León,100 000  y más hab.,20 a 24 años,182286,178645,89876,88769,3641,1404,2237
1889,Estados Unidos Mexicanos,19  Nuevo León,100 000  y más hab.,25 a 29 años,136081,132268,65075,67193,3813,1511,2302
1890,Estados Unidos Mexicanos,19  Nuevo León,100 000  y más hab.,30 a 34 años,109424,105061,52488,52573,4363,1600,2763
1891,Estados Unidos Mexicanos,19  Nuevo León,100 000  y más hab.,35 a 39 años,89837,84545,42678,41867,5292,1882,3410
1892,Estados Unidos Mexicanos,19  Nuevo León,100 000  y más hab.,40 a 44 años,74157,68573,34822,33751,5584,1997,3587
1893,Estados Unidos Mexicanos,19  Nuevo León,100 000  y más hab.,45 a 49 años,58035,52354,26402,25952,5681,1946,3735
1894,Estados Unidos Mexicanos,19  Nuevo León,100 000  y más hab.,50 a 54 años,48263,42808,21002,21806,5455,1813,3642
1895,Estados Unidos Mexicanos,19  Nuevo León,100 000  y más hab.,55 a 59 años,37405,32951,16535,16416,4454,1529,2925
1896,Estados Unidos Mexicanos,19  Nuevo León,100 000  y más hab.,60 a 64 años,26004,22147,10607,11540,3857,1284,2573
1897,Estados Unidos Mexicanos,19  Nuevo León,100 000  y más hab.,65 y más años,58072,44942,21066,23876,13130,4486,8644
1898,Estados Unidos Mexicanos,20  Oaxaca,Total,Total,1331762,853262,473883,379379,478500,181006,297494
1899,Estados Unidos Mexicanos,20  Oaxaca,Total,15 a 19 años,251538,214730,110730,104000,36808,14893,21915
1900,Estados Unidos Mexicanos,20  Oaxaca,Total,20 a 24 años,192741,149425,77810,71615,43316,16170,27146
1901,Estados Unidos Mexicanos,20  Oaxaca,Total,25 a 29 años,156847,109388,58525,50863,47459,17300,30159
1902,Estados Unidos Mexicanos,20  Oaxaca,Total,30 a 34 años,126324,81101,45012,36089,45223,17032,28191
1903,Estados Unidos Mexicanos,20  Oaxaca,Total,35 a 39 años,127216,74759,41768,32991,52457,19224,33233
1904,Estados Unidos Mexicanos,20  Oaxaca,Total,40 a 44 años,102609,57449,33883,23566,45160,16968,28192
1905,Estados Unidos Mexicanos,20  Oaxaca,Total,45 a 49 años,92027,49426,29481,19945,42601,16022,26579
1906,Estados Unidos Mexicanos,20  Oaxaca,Total,50 a 54 años,72418,35396,22187,13209,37022,13795,23227
1907,Estados Unidos Mexicanos,20  Oaxaca,Total,55 a 59 años,57539,27441,18023,9418,30098,11281,18817
1908,Estados Unidos Mexicanos,20  Oaxaca,Total,60 a 64 años,48876,19222,12995,6227,29654,11378,18276
1909,Estados Unidos Mexicanos,20  Oaxaca,Total,65 y más años,103627,34925,23469,11456,68702,26943,41759
1910,Estados Unidos Mexicanos,20  Oaxaca,1 a 2 499 hab.,Total,889462,526851,302821,224030,362611,140800,221811
1911,Estados Unidos Mexicanos,20  Oaxaca,1 a 2 499 hab.,15 a 19 años,165366,136301,71802,64499,29065,11883,17182
1912,Estados Unidos Mexicanos,20  Oaxaca,1 a 2 499 hab.,20 a 24 años,125781,91620,49412,42208,34161,12928,21233
1913,Estados Unidos Mexicanos,20  Oaxaca,1 a 2 499 hab.,25 a 29 años,104104,66689,36975,29714,37415,13812,23603
1914,Estados Unidos Mexicanos,20  Oaxaca,1 a 2 499 hab.,30 a 34 años,83625,48652,27921,20731,34973,13486,21487
1915,Estados Unidos Mexicanos,20  Oaxaca,1 a 2 499 hab.,35 a 39 años,86304,46208,26625,19583,40096,15146,24950
1916,Estados Unidos Mexicanos,20  Oaxaca,1 a 2 499 hab.,40 a 44 años,69299,35409,21623,13786,33890,13111,20779
1917,Estados Unidos Mexicanos,20  Oaxaca,1 a 2 499 hab.,45 a 49 años,63045,31084,19195,11889,31961,12429,19532
1918,Estados Unidos Mexicanos,20  Oaxaca,1 a 2 499 hab.,50 a 54 años,48994,21628,14217,7411,27366,10497,16869
1919,Estados Unidos Mexicanos,20  Oaxaca,1 a 2 499 hab.,55 a 59 años,39164,17074,11783,5291,22090,8518,13572
1920,Estados Unidos Mexicanos,20  Oaxaca,1 a 2 499 hab.,60 a 64 años,34022,11841,8541,3300,22181,8717,13464
1921,Estados Unidos Mexicanos,20  Oaxaca,1 a 2 499 hab.,65 y más años,69758,20345,14727,5618,49413,20273,29140
1922,Estados Unidos Mexicanos,20  Oaxaca,2 500 a 4 999 hab.,Total,137766,88730,48746,39984,49036,18219,30817
1923,Estados Unidos Mexicanos,20  Oaxaca,2 500 a 4 999 hab.,15 a 19 años,25596,22219,11361,10858,3377,1364,2013
1924,Estados Unidos Mexicanos,20  Oaxaca,2 500 a 4 999 hab.,20 a 24 años,19198,15246,7838,7408,3952,1439,2513
1925,Estados Unidos Mexicanos,20  Oaxaca,2 500 a 4 999 hab.,25 a 29 años,15200,10754,5701,5053,4446,1651,2795
1926,Estados Unidos Mexicanos,20  Oaxaca,2 500 a 4 999 hab.,30 a 34 años,12589,8147,4452,3695,4442,1617,2825
1927,Estados Unidos Mexicanos,20  Oaxaca,2 500 a 4 999 hab.,35 a 39 años,12939,7616,4130,3486,5323,1892,3431
1928,Estados Unidos Mexicanos,20  Oaxaca,2 500 a 4 999 hab.,40 a 44 años,10858,6015,3484,2531,4843,1764,3079
1929,Estados Unidos Mexicanos,20  Oaxaca,2 500 a 4 999 hab.,45 a 49 años,9544,5051,3025,2026,4493,1626,2867
1930,Estados Unidos Mexicanos,20  Oaxaca,2 500 a 4 999 hab.,50 a 54 años,7888,3915,2368,1547,3973,1504,2469
1931,Estados Unidos Mexicanos,20  Oaxaca,2 500 a 4 999 hab.,55 a 59 años,6496,3170,2019,1151,3326,1244,2082
1932,Estados Unidos Mexicanos,20  Oaxaca,2 500 a 4 999 hab.,60 a 64 años,5333,2197,1449,748,3136,1247,1889
1933,Estados Unidos Mexicanos,20  Oaxaca,2 500 a 4 999 hab.,65 y más años,12125,4400,2919,1481,7725,2871,4854
1934,Estados Unidos Mexicanos,20  Oaxaca,5 000 a 9 999 hab.,Total,77180,53787,28788,24999,23393,8421,14972
1935,Estados Unidos Mexicanos,20  Oaxaca,5 000 a 9 999 hab.,15 a 19 años,14953,13516,6771,6745,1437,573,864
1936,Estados Unidos Mexicanos,20  Oaxaca,5 000 a 9 999 hab.,20 a 24 años,11186,9527,4653,4874,1659,613,1046
1937,Estados Unidos Mexicanos,20  Oaxaca,5 000 a 9 999 hab.,25 a 29 años,8868,7042,3557,3485,1826,649,1177
1938,Estados Unidos Mexicanos,20  Oaxaca,5 000 a 9 999 hab.,30 a 34 años,7185,5214,2838,2376,1971,661,1310
1939,Estados Unidos Mexicanos,20  Oaxaca,5 000 a 9 999 hab.,35 a 39 años,7340,4809,2610,2199,2531,897,1634
1940,Estados Unidos Mexicanos,20  Oaxaca,5 000 a 9 999 hab.,40 a 44 años,5797,3608,2102,1506,2189,769,1420
1941,Estados Unidos Mexicanos,20  Oaxaca,5 000 a 9 999 hab.,45 a 49 años,5105,2921,1727,1194,2184,744,1440
1942,Estados Unidos Mexicanos,20  Oaxaca,5 000 a 9 999 hab.,50 a 54 años,4218,2157,1313,844,2061,725,1336
1943,Estados Unidos Mexicanos,20  Oaxaca,5 000 a 9 999 hab.,55 a 59 años,3218,1546,1002,544,1672,591,1081
1944,Estados Unidos Mexicanos,20  Oaxaca,5 000 a 9 999 hab.,60 a 64 años,2815,1191,760,431,1624,607,1017
1945,Estados Unidos Mexicanos,20  Oaxaca,5 000 a 9 999 hab.,65 y más años,6495,2256,1455,801,4239,1592,2647
1946,Estados Unidos Mexicanos,20  Oaxaca,10 000 a 14 999 hab.,Total,16603,12371,6617,5754,4232,1345,2887
1947,Estados Unidos Mexicanos,20  Oaxaca,10 000 a 14 999 hab.,15 a 19 años,3480,3290,1691,1599,190,66,124
1948,Estados Unidos Mexicanos,20  Oaxaca,10 000 a 14 999 hab.,20 a 24 años,2296,2045,1057,988,251,78,173
1949,Estados Unidos Mexicanos,20  Oaxaca,10 000 a 14 999 hab.,25 a 29 años,1717,1451,722,729,266,89,177
1950,Estados Unidos Mexicanos,20  Oaxaca,10 000 a 14 999 hab.,30 a 34 años,1543,1240,640,600,303,89,214
1951,Estados Unidos Mexicanos,20  Oaxaca,10 000 a 14 999 hab.,35 a 39 años,1551,1109,593,516,442,136,306
1952,Estados Unidos Mexicanos,20  Oaxaca,10 000 a 14 999 hab.,40 a 44 años,1384,878,499,379,506,156,350
1953,Estados Unidos Mexicanos,20  Oaxaca,10 000 a 14 999 hab.,45 a 49 años,1163,715,407,308,448,151,297
1954,Estados Unidos Mexicanos,20  Oaxaca,10 000 a 14 999 hab.,50 a 54 años,944,554,313,241,390,109,281
1955,Estados Unidos Mexicanos,20  Oaxaca,10 000 a 14 999 hab.,55 a 59 años,646,332,219,113,314,92,222
1956,Estados Unidos Mexicanos,20  Oaxaca,10 000 a 14 999 hab.,60 a 64 años,585,279,178,101,306,104,202
1957,Estados Unidos Mexicanos,20  Oaxaca,10 000 a 14 999 hab.,65 y más años,1294,478,298,180,816,275,541
1958,Estados Unidos Mexicanos,20  Oaxaca,15 000 a 19 999 hab.,Total,27610,21740,11034,10706,5870,1885,3985
1959,Estados Unidos Mexicanos,20  Oaxaca,15 000 a 19 999 hab.,15 a 19 años,5751,5358,2587,2771,393,150,243
1960,Estados Unidos Mexicanos,20  Oaxaca,15 000 a 19 999 hab.,20 a 24 años,4076,3595,1669,1926,481,148,333
1961,Estados Unidos Mexicanos,20  Oaxaca,15 000 a 19 999 hab.,25 a 29 años,3274,2703,1364,1339,571,184,387
1962,Estados Unidos Mexicanos,20  Oaxaca,15 000 a 19 999 hab.,30 a 34 años,2655,2143,1096,1047,512,167,345
1963,Estados Unidos Mexicanos,20  Oaxaca,15 000 a 19 999 hab.,35 a 39 años,2556,1917,977,940,639,180,459
1964,Estados Unidos Mexicanos,20  Oaxaca,15 000 a 19 999 hab.,40 a 44 años,1997,1439,758,681,558,196,362
1965,Estados Unidos Mexicanos,20  Oaxaca,15 000 a 19 999 hab.,45 a 49 años,1800,1302,703,599,498,159,339
1966,Estados Unidos Mexicanos,20  Oaxaca,15 000 a 19 999 hab.,50 a 54 años,1488,956,551,405,532,166,366
1967,Estados Unidos Mexicanos,20  Oaxaca,15 000 a 19 999 hab.,55 a 59 años,1136,738,429,309,398,129,269
1968,Estados Unidos Mexicanos,20  Oaxaca,15 000 a 19 999 hab.,60 a 64 años,876,523,295,228,353,119,234
1969,Estados Unidos Mexicanos,20  Oaxaca,15 000 a 19 999 hab.,65 y más años,2001,1066,605,461,935,287,648
1970,Estados Unidos Mexicanos,20  Oaxaca,20 000 a 49 999 hab.,Total,90468,70973,37238,33735,19495,6317,13178
1971,Estados Unidos Mexicanos,20  Oaxaca,20 000 a 49 999 hab.,15 a 19 años,17944,16455,8141,8314,1489,575,914
1972,Estados Unidos Mexicanos,20  Oaxaca,20 000 a 49 999 hab.,20 a 24 años,14694,12971,6404,6567,1723,633,1090
1973,Estados Unidos Mexicanos,20  Oaxaca,20 000 a 49 999 hab.,25 a 29 años,11766,9919,4964,4955,1847,596,1251
1974,Estados Unidos Mexicanos,20  Oaxaca,20 000 a 49 999 hab.,30 a 34 años,9458,7570,4028,3542,1888,649,1239
1975,Estados Unidos Mexicanos,20  Oaxaca,20 000 a 49 999 hab.,35 a 39 años,8459,6388,3434,2954,2071,619,1452
1976,Estados Unidos Mexicanos,20  Oaxaca,20 000 a 49 999 hab.,40 a 44 años,6876,4945,2808,2137,1931,584,1347
1977,Estados Unidos Mexicanos,20  Oaxaca,20 000 a 49 999 hab.,45 a 49 años,5609,3869,2173,1696,1740,545,1195
1978,Estados Unidos Mexicanos,20  Oaxaca,20 000 a 49 999 hab.,50 a 54 años,4521,2933,1757,1176,1588,482,1106
1979,Estados Unidos Mexicanos,20  Oaxaca,20 000 a 49 999 hab.,55 a 59 años,3277,2032,1233,799,1245,394,851
1980,Estados Unidos Mexicanos,20  Oaxaca,20 000 a 49 999 hab.,60 a 64 años,2485,1335,804,531,1150,345,805
1981,Estados Unidos Mexicanos,20  Oaxaca,20 000 a 49 999 hab.,65 y más años,5379,2556,1492,1064,2823,895,1928
1982,Estados Unidos Mexicanos,20  Oaxaca,50 000 a 99 999 hab.,Total,0,0,0,0,0,0,0
1983,Estados Unidos Mexicanos,20  Oaxaca,100 000  y más hab.,Total,92673,78810,38639,40171,13863,4019,9844
1984,Estados Unidos Mexicanos,20  Oaxaca,100 000  y más hab.,15 a 19 años,18448,17591,8377,9214,857,282,575
1985,Estados Unidos Mexicanos,20  Oaxaca,100 000  y más hab.,20 a 24 años,15510,14421,6777,7644,1089,331,758
1986,Estados Unidos Mexicanos,20  Oaxaca,100 000  y más hab.,25 a 29 años,11918,10830,5242,5588,1088,319,769
1987,Estados Unidos Mexicanos,20  Oaxaca,100 000  y más hab.,30 a 34 años,9269,8135,4037,4098,1134,363,771
1988,Estados Unidos Mexicanos,20  Oaxaca,100 000  y más hab.,35 a 39 años,8067,6712,3399,3313,1355,354,1001
1989,Estados Unidos Mexicanos,20  Oaxaca,100 000  y más hab.,40 a 44 años,6398,5155,2609,2546,1243,388,855
1990,Estados Unidos Mexicanos,20  Oaxaca,100 000  y más hab.,45 a 49 años,5761,4484,2251,2233,1277,368,909
1991,Estados Unidos Mexicanos,20  Oaxaca,100 000  y más hab.,50 a 54 años,4365,3253,1668,1585,1112,312,800
1992,Estados Unidos Mexicanos,20  Oaxaca,100 000  y más hab.,55 a 59 años,3602,2549,1338,1211,1053,313,740
1993,Estados Unidos Mexicanos,20  Oaxaca,100 000  y más hab.,60 a 64 años,2760,1856,968,888,904,239,665
1994,Estados Unidos Mexicanos,20  Oaxaca,100 000  y más hab.,65 y más años,6575,3824,1973,1851,2751,750,2001
1995,Estados Unidos Mexicanos,21  Puebla,Total,Total,1849762,1354667,712344,642323,495095,184133,310962
1996,Estados Unidos Mexicanos,21  Puebla,Total,15 a 19 años,361573,317161,160340,156821,44412,18702,25710
1997,Estados Unidos Mexicanos,21  Puebla,Total,20 a 24 años,287468,242542,121207,121335,44926,17083,27843
1998,Estados Unidos Mexicanos,21  Puebla,Total,25 a 29 años,224483,179528,91089,88439,44955,16944,28011
1999,Estados Unidos Mexicanos,21  Puebla,Total,30 a 34 años,178188,136107,71159,64948,42081,15790,26291
2000,Estados Unidos Mexicanos,21  Puebla,Total,35 a 39 años,165868,115687,61457,54230,50181,18151,32030
2001,Estados Unidos Mexicanos,21  Puebla,Total,40 a 44 años,135087,89796,49219,40577,45291,16555,28736
2002,Estados Unidos Mexicanos,21  Puebla,Total,45 a 49 años,119968,75564,42173,33391,44404,15696,28708
2003,Estados Unidos Mexicanos,21  Puebla,Total,50 a 54 años,95482,57237,32674,24563,38245,13574,24671
2004,Estados Unidos Mexicanos,21  Puebla,Total,55 a 59 años,77532,44281,26297,17984,33251,12069,21182
2005,Estados Unidos Mexicanos,21  Puebla,Total,60 a 64 años,60719,31374,18576,12798,29345,10809,18536
2006,Estados Unidos Mexicanos,21  Puebla,Total,65 y más años,143394,65390,38153,27237,78004,28760,49244
2007,Estados Unidos Mexicanos,21  Puebla,1 a 2 499 hab.,Total,769207,462029,263791,198238,307178,121406,185772
2008,Estados Unidos Mexicanos,21  Puebla,1 a 2 499 hab.,15 a 19 años,147785,119092,63001,56091,28693,12465,16228
2009,Estados Unidos Mexicanos,21  Puebla,1 a 2 499 hab.,20 a 24 años,110798,82151,43661,38490,28647,11258,17389
2010,Estados Unidos Mexicanos,21  Puebla,1 a 2 499 hab.,25 a 29 años,88520,59190,32283,26907,29330,11350,17980
2011,Estados Unidos Mexicanos,21  Puebla,1 a 2 499 hab.,30 a 34 años,71007,43676,24799,18877,27331,10830,16501
2012,Estados Unidos Mexicanos,21  Puebla,1 a 2 499 hab.,35 a 39 años,72292,39767,22941,16826,32525,12459,20066
2013,Estados Unidos Mexicanos,21  Puebla,1 a 2 499 hab.,40 a 44 años,59017,30508,18634,11874,28509,11086,17423
2014,Estados Unidos Mexicanos,21  Puebla,1 a 2 499 hab.,45 a 49 años,52838,25447,15952,9495,27391,10482,16909
2015,Estados Unidos Mexicanos,21  Puebla,1 a 2 499 hab.,50 a 54 años,41269,18127,11886,6241,23142,8873,14269
2016,Estados Unidos Mexicanos,21  Puebla,1 a 2 499 hab.,55 a 59 años,34227,14361,9861,4500,19866,7848,12018
2017,Estados Unidos Mexicanos,21  Puebla,1 a 2 499 hab.,60 a 64 años,28067,10043,7029,3014,18024,7181,10843
2018,Estados Unidos Mexicanos,21  Puebla,1 a 2 499 hab.,65 y más años,63387,19667,13744,5923,43720,17574,26146
2019,Estados Unidos Mexicanos,21  Puebla,2 500 a 4 999 hab.,Total,223340,151677,83072,68605,71663,26461,45202
2020,Estados Unidos Mexicanos,21  Puebla,2 500 a 4 999 hab.,15 a 19 años,44282,37502,19237,18265,6780,2812,3968
2021,Estados Unidos Mexicanos,21  Puebla,2 500 a 4 999 hab.,20 a 24 años,33516,26786,13641,13145,6730,2521,4209
2022,Estados Unidos Mexicanos,21  Puebla,2 500 a 4 999 hab.,25 a 29 años,25816,19445,10129,9316,6371,2409,3962
2023,Estados Unidos Mexicanos,21  Puebla,2 500 a 4 999 hab.,30 a 34 años,20522,14690,8042,6648,5832,2118,3714
2024,Estados Unidos Mexicanos,21  Puebla,2 500 a 4 999 hab.,35 a 39 años,19693,12784,7034,5750,6909,2485,4424
2025,Estados Unidos Mexicanos,21  Puebla,2 500 a 4 999 hab.,40 a 44 años,16323,9976,5759,4217,6347,2330,4017
2026,Estados Unidos Mexicanos,21  Puebla,2 500 a 4 999 hab.,45 a 49 años,14867,8628,5102,3526,6239,2143,4096
2027,Estados Unidos Mexicanos,21  Puebla,2 500 a 4 999 hab.,50 a 54 años,11832,6360,3983,2377,5472,1924,3548
2028,Estados Unidos Mexicanos,21  Puebla,2 500 a 4 999 hab.,55 a 59 años,9737,4874,3116,1758,4863,1701,3162
2029,Estados Unidos Mexicanos,21  Puebla,2 500 a 4 999 hab.,60 a 64 años,7313,3259,2150,1109,4054,1470,2584
2030,Estados Unidos Mexicanos,21  Puebla,2 500 a 4 999 hab.,65 y más años,19439,7373,4879,2494,12066,4548,7518
2031,Estados Unidos Mexicanos,21  Puebla,5 000 a 9 999 hab.,Total,140195,101936,54739,47197,38259,14005,24254
2032,Estados Unidos Mexicanos,21  Puebla,5 000 a 9 999 hab.,15 a 19 años,28739,25354,13112,12242,3385,1408,1977
2033,Estados Unidos Mexicanos,21  Puebla,5 000 a 9 999 hab.,20 a 24 años,21612,18310,9258,9052,3302,1246,2056
2034,Estados Unidos Mexicanos,21  Puebla,5 000 a 9 999 hab.,25 a 29 años,16192,12981,6717,6264,3211,1220,1991
2035,Estados Unidos Mexicanos,21  Puebla,5 000 a 9 999 hab.,30 a 34 años,13016,9947,5161,4786,3069,1068,2001
2036,Estados Unidos Mexicanos,21  Puebla,5 000 a 9 999 hab.,35 a 39 años,12468,8659,4623,4036,3809,1299,2510
2037,Estados Unidos Mexicanos,21  Puebla,5 000 a 9 999 hab.,40 a 44 años,10316,6813,3791,3022,3503,1293,2210
2038,Estados Unidos Mexicanos,21  Puebla,5 000 a 9 999 hab.,45 a 49 años,9036,5594,3248,2346,3442,1237,2205
2039,Estados Unidos Mexicanos,21  Puebla,5 000 a 9 999 hab.,50 a 54 años,7059,4113,2411,1702,2946,1071,1875
2040,Estados Unidos Mexicanos,21  Puebla,5 000 a 9 999 hab.,55 a 59 años,5597,3033,1910,1123,2564,923,1641
2041,Estados Unidos Mexicanos,21  Puebla,5 000 a 9 999 hab.,60 a 64 años,4609,2319,1448,871,2290,816,1474
2042,Estados Unidos Mexicanos,21  Puebla,5 000 a 9 999 hab.,65 y más años,11551,4813,3060,1753,6738,2424,4314
2043,Estados Unidos Mexicanos,21  Puebla,10 000 a 14 999 hab.,Total,84526,64632,33060,31572,19894,7169,12725
2044,Estados Unidos Mexicanos,21  Puebla,10 000 a 14 999 hab.,15 a 19 años,17768,16119,7944,8175,1649,687,962
2045,Estados Unidos Mexicanos,21  Puebla,10 000 a 14 999 hab.,20 a 24 años,13502,11683,5739,5944,1819,669,1150
2046,Estados Unidos Mexicanos,21  Puebla,10 000 a 14 999 hab.,25 a 29 años,9854,8148,4047,4101,1706,638,1068
2047,Estados Unidos Mexicanos,21  Puebla,10 000 a 14 999 hab.,30 a 34 años,7643,6039,3103,2936,1604,598,1006
2048,Estados Unidos Mexicanos,21  Puebla,10 000 a 14 999 hab.,35 a 39 años,7058,5269,2732,2537,1789,580,1209
2049,Estados Unidos Mexicanos,21  Puebla,10 000 a 14 999 hab.,40 a 44 años,5942,4191,2194,1997,1751,593,1158
2050,Estados Unidos Mexicanos,21  Puebla,10 000 a 14 999 hab.,45 a 49 años,5425,3594,1926,1668,1831,599,1232
2051,Estados Unidos Mexicanos,21  Puebla,10 000 a 14 999 hab.,50 a 54 años,4247,2640,1453,1187,1607,531,1076
2052,Estados Unidos Mexicanos,21  Puebla,10 000 a 14 999 hab.,55 a 59 años,3410,2029,1197,832,1381,519,862
2053,Estados Unidos Mexicanos,21  Puebla,10 000 a 14 999 hab.,60 a 64 años,2683,1461,828,633,1222,443,779
2054,Estados Unidos Mexicanos,21  Puebla,10 000 a 14 999 hab.,65 y más años,6994,3459,1897,1562,3535,1312,2223
2055,Estados Unidos Mexicanos,21  Puebla,15 000 a 19 999 hab.,Total,10392,8169,4040,4129,2223,733,1490
2056,Estados Unidos Mexicanos,21  Puebla,15 000 a 19 999 hab.,15 a 19 años,1967,1825,849,976,142,58,84
2057,Estados Unidos Mexicanos,21  Puebla,15 000 a 19 999 hab.,20 a 24 años,1569,1381,606,775,188,62,126
2058,Estados Unidos Mexicanos,21  Puebla,15 000 a 19 999 hab.,25 a 29 años,1347,1154,567,587,193,69,124
2059,Estados Unidos Mexicanos,21  Puebla,15 000 a 19 999 hab.,30 a 34 años,1066,877,455,422,189,61,128
2060,Estados Unidos Mexicanos,21  Puebla,15 000 a 19 999 hab.,35 a 39 años,1083,813,390,423,270,105,165
2061,Estados Unidos Mexicanos,21  Puebla,15 000 a 19 999 hab.,40 a 44 años,808,561,296,265,247,80,167
2062,Estados Unidos Mexicanos,21  Puebla,15 000 a 19 999 hab.,45 a 49 años,680,462,266,196,218,69,149
2063,Estados Unidos Mexicanos,21  Puebla,15 000 a 19 999 hab.,50 a 54 años,470,332,193,139,138,47,91
2064,Estados Unidos Mexicanos,21  Puebla,15 000 a 19 999 hab.,55 a 59 años,382,227,133,94,155,41,114
2065,Estados Unidos Mexicanos,21  Puebla,15 000 a 19 999 hab.,60 a 64 años,309,170,86,84,139,37,102
2066,Estados Unidos Mexicanos,21  Puebla,15 000 a 19 999 hab.,65 y más años,711,367,199,168,344,104,240
2067,Estados Unidos Mexicanos,21  Puebla,20 000 a 49 999 hab.,Total,81638,70978,34500,36478,10660,3213,7447
2068,Estados Unidos Mexicanos,21  Puebla,20 000 a 49 999 hab.,15 a 19 años,16751,16104,7737,8367,647,246,401
2069,Estados Unidos Mexicanos,21  Puebla,20 000 a 49 999 hab.,20 a 24 años,13278,12475,5817,6658,803,291,512
2070,Estados Unidos Mexicanos,21  Puebla,20 000 a 49 999 hab.,25 a 29 años,10247,9438,4398,5040,809,261,548
2071,Estados Unidos Mexicanos,21  Puebla,20 000 a 49 999 hab.,30 a 34 años,8205,7396,3625,3771,809,269,540
2072,Estados Unidos Mexicanos,21  Puebla,20 000 a 49 999 hab.,35 a 39 años,6947,5935,2889,3046,1012,288,724
2073,Estados Unidos Mexicanos,21  Puebla,20 000 a 49 999 hab.,40 a 44 años,5699,4699,2323,2376,1000,282,718
2074,Estados Unidos Mexicanos,21  Puebla,20 000 a 49 999 hab.,45 a 49 años,5186,4122,2104,2018,1064,315,749
2075,Estados Unidos Mexicanos,21  Puebla,20 000 a 49 999 hab.,50 a 54 años,4161,3194,1647,1547,967,251,716
2076,Estados Unidos Mexicanos,21  Puebla,20 000 a 49 999 hab.,55 a 59 años,3109,2318,1240,1078,791,224,567
2077,Estados Unidos Mexicanos,21  Puebla,20 000 a 49 999 hab.,60 a 64 años,2368,1712,910,802,656,198,458
2078,Estados Unidos Mexicanos,21  Puebla,20 000 a 49 999 hab.,65 y más años,5687,3585,1810,1775,2102,588,1514
2079,Estados Unidos Mexicanos,21  Puebla,50 000 a 99 999 hab.,Total,76248,65781,32088,33693,10467,3014,7453
2080,Estados Unidos Mexicanos,21  Puebla,50 000 a 99 999 hab.,15 a 19 años,15329,14569,6962,7607,760,282,478
2081,Estados Unidos Mexicanos,21  Puebla,50 000 a 99 999 hab.,20 a 24 años,12886,11910,5560,6350,976,331,645
2082,Estados Unidos Mexicanos,21  Puebla,50 000 a 99 999 hab.,25 a 29 años,9988,9058,4316,4742,930,306,624
2083,Estados Unidos Mexicanos,21  Puebla,50 000 a 99 999 hab.,30 a 34 años,7487,6627,3345,3282,860,259,601
2084,Estados Unidos Mexicanos,21  Puebla,50 000 a 99 999 hab.,35 a 39 años,6377,5405,2677,2728,972,296,676
2085,Estados Unidos Mexicanos,21  Puebla,50 000 a 99 999 hab.,40 a 44 años,5068,4229,2091,2138,839,229,610
2086,Estados Unidos Mexicanos,21  Puebla,50 000 a 99 999 hab.,45 a 49 años,4510,3610,1805,1805,900,200,700
2087,Estados Unidos Mexicanos,21  Puebla,50 000 a 99 999 hab.,50 a 54 años,3693,2870,1477,1393,823,205,618
2088,Estados Unidos Mexicanos,21  Puebla,50 000 a 99 999 hab.,55 a 59 años,3082,2303,1192,1111,779,208,571
2089,Estados Unidos Mexicanos,21  Puebla,50 000 a 99 999 hab.,60 a 64 años,2153,1538,784,754,615,173,442
2090,Estados Unidos Mexicanos,21  Puebla,50 000 a 99 999 hab.,65 y más años,5675,3662,1879,1783,2013,525,1488
2091,Estados Unidos Mexicanos,21  Puebla,100 000  y más hab.,Total,464216,429465,207054,222411,34751,8132,26619
2092,Estados Unidos Mexicanos,21  Puebla,100 000  y más hab.,15 a 19 años,88952,86596,41498,45098,2356,744,1612
2093,Estados Unidos Mexicanos,21  Puebla,100 000  y más hab.,20 a 24 años,80307,77846,36925,40921,2461,705,1756
2094,Estados Unidos Mexicanos,21  Puebla,100 000  y más hab.,25 a 29 años,62519,60114,28632,31482,2405,691,1714
2095,Estados Unidos Mexicanos,21  Puebla,100 000  y más hab.,30 a 34 años,49242,46855,22629,24226,2387,587,1800
2096,Estados Unidos Mexicanos,21  Puebla,100 000  y más hab.,35 a 39 años,39950,37055,18171,18884,2895,639,2256
2097,Estados Unidos Mexicanos,21  Puebla,100 000  y más hab.,40 a 44 años,31914,28819,14131,14688,3095,662,2433
2098,Estados Unidos Mexicanos,21  Puebla,100 000  y más hab.,45 a 49 años,27426,24107,11770,12337,3319,651,2668
2099,Estados Unidos Mexicanos,21  Puebla,100 000  y más hab.,50 a 54 años,22751,19601,9624,9977,3150,672,2478
2100,Estados Unidos Mexicanos,21  Puebla,100 000  y más hab.,55 a 59 años,17988,15136,7648,7488,2852,605,2247
2101,Estados Unidos Mexicanos,21  Puebla,100 000  y más hab.,60 a 64 años,13217,10872,5341,5531,2345,491,1854
2102,Estados Unidos Mexicanos,21  Puebla,100 000  y más hab.,65 y más años,29950,22464,10685,11779,7486,1685,5801
2103,Estados Unidos Mexicanos,22  Querétaro,Total,Total,394936,291811,155776,136035,103125,39369,63756
2104,Estados Unidos Mexicanos,22  Querétaro,Total,15 a 19 años,83273,74916,37841,37075,8357,3536,4821
2105,Estados Unidos Mexicanos,22  Querétaro,Total,20 a 24 años,66009,57366,29141,28225,8643,3200,5443
2106,Estados Unidos Mexicanos,22  Querétaro,Total,25 a 29 años,50199,41010,21386,19624,9189,3354,5835
2107,Estados Unidos Mexicanos,22  Querétaro,Total,30 a 34 años,38695,29456,16059,13397,9239,3444,5795
2108,Estados Unidos Mexicanos,22  Querétaro,Total,35 a 39 años,34728,23956,13313,10643,10772,3920,6852
2109,Estados Unidos Mexicanos,22  Querétaro,Total,40 a 44 años,26829,17283,10024,7259,9546,3581,5965
2110,Estados Unidos Mexicanos,22  Querétaro,Total,45 a 49 años,23462,13697,7959,5738,9765,3502,6263
2111,Estados Unidos Mexicanos,22  Querétaro,Total,50 a 54 años,17948,9810,5876,3934,8138,3014,5124
2112,Estados Unidos Mexicanos,22  Querétaro,Total,55 a 59 años,14696,7987,4775,3212,6709,2632,4077
2113,Estados Unidos Mexicanos,22  Querétaro,Total,60 a 64 años,11186,5379,3142,2237,5807,2270,3537
2114,Estados Unidos Mexicanos,22  Querétaro,Total,65 y más años,27911,10951,6260,4691,16960,6916,10044
2115,Estados Unidos Mexicanos,22  Querétaro,1 a 2 499 hab.,Total,198537,121172,69782,51390,77365,31575,45790
2116,Estados Unidos Mexicanos,22  Querétaro,1 a 2 499 hab.,15 a 19 años,42118,35502,18684,16818,6616,2973,3643
2117,Estados Unidos Mexicanos,22  Querétaro,1 a 2 499 hab.,20 a 24 años,31003,24259,13015,11244,6744,2666,4078
2118,Estados Unidos Mexicanos,22  Querétaro,1 a 2 499 hab.,25 a 29 años,23201,15993,8994,6999,7208,2787,4421
2119,Estados Unidos Mexicanos,22  Querétaro,1 a 2 499 hab.,30 a 34 años,17908,10802,6476,4326,7106,2852,4254
2120,Estados Unidos Mexicanos,22  Querétaro,1 a 2 499 hab.,35 a 39 años,17558,9285,5624,3661,8273,3241,5032
2121,Estados Unidos Mexicanos,22  Querétaro,1 a 2 499 hab.,40 a 44 años,14031,6784,4390,2394,7247,2902,4345
2122,Estados Unidos Mexicanos,22  Querétaro,1 a 2 499 hab.,45 a 49 años,12819,5569,3609,1960,7250,2762,4488
2123,Estados Unidos Mexicanos,22  Querétaro,1 a 2 499 hab.,50 a 54 años,9737,3773,2575,1198,5964,2398,3566
2124,Estados Unidos Mexicanos,22  Querétaro,1 a 2 499 hab.,55 a 59 años,8181,3231,2235,996,4950,2047,2903
2125,Estados Unidos Mexicanos,22  Querétaro,1 a 2 499 hab.,60 a 64 años,6399,2080,1428,652,4319,1803,2516
2126,Estados Unidos Mexicanos,22  Querétaro,1 a 2 499 hab.,65 y más años,15582,3894,2752,1142,11688,5144,6544
2127,Estados Unidos Mexicanos,22  Querétaro,2 500 a 4 999 hab.,Total,22636,16917,9133,7784,5719,1985,3734
2128,Estados Unidos Mexicanos,22  Querétaro,2 500 a 4 999 hab.,15 a 19 años,4839,4403,2240,2163,436,136,300
2129,Estados Unidos Mexicanos,22  Querétaro,2 500 a 4 999 hab.,20 a 24 años,3638,3215,1585,1630,423,142,281
2130,Estados Unidos Mexicanos,22  Querétaro,2 500 a 4 999 hab.,25 a 29 años,2804,2369,1259,1110,435,135,300
2131,Estados Unidos Mexicanos,22  Querétaro,2 500 a 4 999 hab.,30 a 34 años,2204,1725,976,749,479,135,344
2132,Estados Unidos Mexicanos,22  Querétaro,2 500 a 4 999 hab.,35 a 39 años,2035,1385,789,596,650,198,452
2133,Estados Unidos Mexicanos,22  Querétaro,2 500 a 4 999 hab.,40 a 44 años,1465,950,561,389,515,194,321
2134,Estados Unidos Mexicanos,22  Querétaro,2 500 a 4 999 hab.,45 a 49 años,1296,746,441,305,550,205,345
2135,Estados Unidos Mexicanos,22  Querétaro,2 500 a 4 999 hab.,50 a 54 años,1018,562,362,200,456,147,309
2136,Estados Unidos Mexicanos,22  Querétaro,2 500 a 4 999 hab.,55 a 59 años,819,459,273,186,360,131,229
2137,Estados Unidos Mexicanos,22  Querétaro,2 500 a 4 999 hab.,60 a 64 años,686,358,212,146,328,114,214
2138,Estados Unidos Mexicanos,22  Querétaro,2 500 a 4 999 hab.,65 y más años,1832,745,435,310,1087,448,639
2139,Estados Unidos Mexicanos,22  Querétaro,5 000 a 9 999 hab.,Total,12950,10165,5312,4853,2785,1002,1783
2140,Estados Unidos Mexicanos,22  Querétaro,5 000 a 9 999 hab.,15 a 19 años,2745,2538,1251,1287,207,88,119
2141,Estados Unidos Mexicanos,22  Querétaro,5 000 a 9 999 hab.,20 a 24 años,2188,1943,959,984,245,78,167
2142,Estados Unidos Mexicanos,22  Querétaro,5 000 a 9 999 hab.,25 a 29 años,1827,1556,766,790,271,89,182
2143,Estados Unidos Mexicanos,22  Querétaro,5 000 a 9 999 hab.,30 a 34 años,1332,1096,599,497,236,88,148
2144,Estados Unidos Mexicanos,22  Querétaro,5 000 a 9 999 hab.,35 a 39 años,1149,893,484,409,256,81,175
2145,Estados Unidos Mexicanos,22  Querétaro,5 000 a 9 999 hab.,40 a 44 años,850,616,356,260,234,79,155
2146,Estados Unidos Mexicanos,22  Querétaro,5 000 a 9 999 hab.,45 a 49 años,765,470,277,193,295,99,196
2147,Estados Unidos Mexicanos,22  Querétaro,5 000 a 9 999 hab.,50 a 54 años,528,295,181,114,233,87,146
2148,Estados Unidos Mexicanos,22  Querétaro,5 000 a 9 999 hab.,55 a 59 años,410,235,139,96,175,73,102
2149,Estados Unidos Mexicanos,22  Querétaro,5 000 a 9 999 hab.,60 a 64 años,317,176,104,72,141,54,87
2150,Estados Unidos Mexicanos,22  Querétaro,5 000 a 9 999 hab.,65 y más años,839,347,196,151,492,186,306
2151,Estados Unidos Mexicanos,22  Querétaro,10 000 a 14 999 hab.,Total,12611,10058,5259,4799,2553,842,1711
2152,Estados Unidos Mexicanos,22  Querétaro,10 000 a 14 999 hab.,15 a 19 años,2583,2434,1206,1228,149,48,101
2153,Estados Unidos Mexicanos,22  Querétaro,10 000 a 14 999 hab.,20 a 24 años,2177,1988,1007,981,189,60,129
2154,Estados Unidos Mexicanos,22  Querétaro,10 000 a 14 999 hab.,25 a 29 años,1557,1368,705,663,189,55,134
2155,Estados Unidos Mexicanos,22  Querétaro,10 000 a 14 999 hab.,30 a 34 años,1189,989,523,466,200,58,142
2156,Estados Unidos Mexicanos,22  Querétaro,10 000 a 14 999 hab.,35 a 39 años,1095,842,461,381,253,80,173
2157,Estados Unidos Mexicanos,22  Querétaro,10 000 a 14 999 hab.,40 a 44 años,834,598,347,251,236,78,158
2158,Estados Unidos Mexicanos,22  Querétaro,10 000 a 14 999 hab.,45 a 49 años,743,495,268,227,248,83,165
2159,Estados Unidos Mexicanos,22  Querétaro,10 000 a 14 999 hab.,50 a 54 años,556,360,205,155,196,63,133
2160,Estados Unidos Mexicanos,22  Querétaro,10 000 a 14 999 hab.,55 a 59 años,457,284,155,129,173,71,102
2161,Estados Unidos Mexicanos,22  Querétaro,10 000 a 14 999 hab.,60 a 64 años,347,192,98,94,155,47,108
2162,Estados Unidos Mexicanos,22  Querétaro,10 000 a 14 999 hab.,65 y más años,1073,508,284,224,565,199,366
2163,Estados Unidos Mexicanos,22  Querétaro,15 000 a 19 999 hab.,Total,8379,7273,3938,3335,1106,315,791
2164,Estados Unidos Mexicanos,22  Querétaro,15 000 a 19 999 hab.,15 a 19 años,1730,1675,850,825,55,19,36
2165,Estados Unidos Mexicanos,22  Querétaro,15 000 a 19 999 hab.,20 a 24 años,1622,1542,814,728,80,25,55
2166,Estados Unidos Mexicanos,22  Querétaro,15 000 a 19 999 hab.,25 a 29 años,1366,1272,664,608,94,23,71
2167,Estados Unidos Mexicanos,22  Querétaro,15 000 a 19 999 hab.,30 a 34 años,982,879,480,399,103,23,80
2168,Estados Unidos Mexicanos,22  Querétaro,15 000 a 19 999 hab.,35 a 39 años,741,650,357,293,91,21,70
2169,Estados Unidos Mexicanos,22  Querétaro,15 000 a 19 999 hab.,40 a 44 años,504,395,237,158,109,23,86
2170,Estados Unidos Mexicanos,22  Querétaro,15 000 a 19 999 hab.,45 a 49 años,390,290,164,126,100,26,74
2171,Estados Unidos Mexicanos,22  Querétaro,15 000 a 19 999 hab.,50 a 54 años,350,239,158,81,111,35,76
2172,Estados Unidos Mexicanos,22  Querétaro,15 000 a 19 999 hab.,55 a 59 años,211,125,82,43,86,23,63
2173,Estados Unidos Mexicanos,22  Querétaro,15 000 a 19 999 hab.,60 a 64 años,138,80,53,27,58,15,43
2174,Estados Unidos Mexicanos,22  Querétaro,15 000 a 19 999 hab.,65 y más años,345,126,79,47,219,82,137
2175,Estados Unidos Mexicanos,22  Querétaro,20 000 a 49 999 hab.,Total,15671,14048,6813,7235,1623,401,1222
2176,Estados Unidos Mexicanos,22  Querétaro,20 000 a 49 999 hab.,15 a 19 años,3360,3271,1556,1715,89,31,58
2177,Estados Unidos Mexicanos,22  Querétaro,20 000 a 49 999 hab.,20 a 24 años,2755,2653,1186,1467,102,29,73
2178,Estados Unidos Mexicanos,22  Querétaro,20 000 a 49 999 hab.,25 a 29 años,2124,2005,944,1061,119,25,94
2179,Estados Unidos Mexicanos,22  Querétaro,20 000 a 49 999 hab.,30 a 34 años,1646,1519,750,769,127,31,96
2180,Estados Unidos Mexicanos,22  Querétaro,20 000 a 49 999 hab.,35 a 39 años,1409,1239,634,605,170,36,134
2181,Estados Unidos Mexicanos,22  Querétaro,20 000 a 49 999 hab.,40 a 44 años,1063,932,468,464,131,42,89
2182,Estados Unidos Mexicanos,22  Querétaro,20 000 a 49 999 hab.,45 a 49 años,825,675,371,304,150,34,116
2183,Estados Unidos Mexicanos,22  Querétaro,20 000 a 49 999 hab.,50 a 54 años,629,489,252,237,140,35,105
2184,Estados Unidos Mexicanos,22  Querétaro,20 000 a 49 999 hab.,55 a 59 años,518,381,195,186,137,38,99
2185,Estados Unidos Mexicanos,22  Querétaro,20 000 a 49 999 hab.,60 a 64 años,421,306,162,144,115,25,90
2186,Estados Unidos Mexicanos,22  Querétaro,20 000 a 49 999 hab.,65 y más años,921,578,295,283,343,75,268
2187,Estados Unidos Mexicanos,22  Querétaro,50 000 a 99 999 hab.,Total,0,0,0,0,0,0,0
2188,Estados Unidos Mexicanos,22  Querétaro,100 000  y más hab.,Total,124152,112178,55539,56639,11974,3249,8725
2189,Estados Unidos Mexicanos,22  Querétaro,100 000  y más hab.,15 a 19 años,25898,25093,12054,13039,805,241,564
2190,Estados Unidos Mexicanos,22  Querétaro,100 000  y más hab.,20 a 24 años,22626,21766,10575,11191,860,200,660
2191,Estados Unidos Mexicanos,22  Querétaro,100 000  y más hab.,25 a 29 años,17320,16447,8054,8393,873,240,633
2192,Estados Unidos Mexicanos,22  Querétaro,100 000  y más hab.,30 a 34 años,13434,12446,6255,6191,988,257,731
2193,Estados Unidos Mexicanos,22  Querétaro,100 000  y más hab.,35 a 39 años,10741,9662,4964,4698,1079,263,816
2194,Estados Unidos Mexicanos,22  Querétaro,100 000  y más hab.,40 a 44 años,8082,7008,3665,3343,1074,263,811
2195,Estados Unidos Mexicanos,22  Querétaro,100 000  y más hab.,45 a 49 años,6624,5452,2829,2623,1172,293,879
2196,Estados Unidos Mexicanos,22  Querétaro,100 000  y más hab.,50 a 54 años,5130,4092,2143,1949,1038,249,789
2197,Estados Unidos Mexicanos,22  Querétaro,100 000  y más hab.,55 a 59 años,4100,3272,1696,1576,828,249,579
2198,Estados Unidos Mexicanos,22  Querétaro,100 000  y más hab.,60 a 64 años,2878,2187,1085,1102,691,212,479
2199,Estados Unidos Mexicanos,22  Querétaro,100 000  y más hab.,65 y más años,7319,4753,2219,2534,2566,782,1784
2200,Estados Unidos Mexicanos,23  Quintana Roo,Total,Total,123191,102411,56052,46359,20780,8532,12248
2201,Estados Unidos Mexicanos,23  Quintana Roo,Total,15 a 19 años,24777,22783,11368,11415,1994,798,1196
2202,Estados Unidos Mexicanos,23  Quintana Roo,Total,20 a 24 años,22440,19818,10104,9714,2622,980,1642
2203,Estados Unidos Mexicanos,23  Quintana Roo,Total,25 a 29 años,19206,16591,8821,7770,2615,939,1676
2204,Estados Unidos Mexicanos,23  Quintana Roo,Total,30 a 34 años,14302,12200,7077,5123,2102,806,1296
2205,Estados Unidos Mexicanos,23  Quintana Roo,Total,35 a 39 años,11411,9015,5139,3876,2396,892,1504
2206,Estados Unidos Mexicanos,23  Quintana Roo,Total,40 a 44 años,8137,6307,3795,2512,1830,752,1078
2207,Estados Unidos Mexicanos,23  Quintana Roo,Total,45 a 49 años,6496,4834,2890,1944,1662,688,974
2208,Estados Unidos Mexicanos,23  Quintana Roo,Total,50 a 54 años,4967,3457,2126,1331,1510,659,851
2209,Estados Unidos Mexicanos,23  Quintana Roo,Total,55 a 59 años,3792,2694,1700,994,1098,519,579
2210,Estados Unidos Mexicanos,23  Quintana Roo,Total,60 a 64 años,2899,1896,1214,682,1003,481,522
2211,Estados Unidos Mexicanos,23  Quintana Roo,Total,65 y más años,4764,2816,1818,998,1948,1018,930
2212,Estados Unidos Mexicanos,23  Quintana Roo,1 a 2 499 hab.,Total,46489,33271,19713,13558,13218,5722,7496
2213,Estados Unidos Mexicanos,23  Quintana Roo,1 a 2 499 hab.,15 a 19 años,9513,8274,4364,3910,1239,501,738
2214,Estados Unidos Mexicanos,23  Quintana Roo,1 a 2 499 hab.,20 a 24 años,7553,5963,3316,2647,1590,608,982
2215,Estados Unidos Mexicanos,23  Quintana Roo,1 a 2 499 hab.,25 a 29 años,6649,4968,2783,2185,1681,615,1066
2216,Estados Unidos Mexicanos,23  Quintana Roo,1 a 2 499 hab.,30 a 34 años,4957,3614,2246,1368,1343,533,810
2217,Estados Unidos Mexicanos,23  Quintana Roo,1 a 2 499 hab.,35 a 39 años,4524,2949,1788,1161,1575,602,973
2218,Estados Unidos Mexicanos,23  Quintana Roo,1 a 2 499 hab.,40 a 44 años,3340,2172,1427,745,1168,519,649
2219,Estados Unidos Mexicanos,23  Quintana Roo,1 a 2 499 hab.,45 a 49 años,2754,1701,1122,579,1053,463,590
2220,Estados Unidos Mexicanos,23  Quintana Roo,1 a 2 499 hab.,50 a 54 años,2188,1212,851,361,976,464,512
2221,Estados Unidos Mexicanos,23  Quintana Roo,1 a 2 499 hab.,55 a 59 años,1598,904,634,270,694,350,344
2222,Estados Unidos Mexicanos,23  Quintana Roo,1 a 2 499 hab.,60 a 64 años,1286,618,482,136,668,349,319
2223,Estados Unidos Mexicanos,23  Quintana Roo,1 a 2 499 hab.,65 y más años,2127,896,700,196,1231,718,513
2224,Estados Unidos Mexicanos,23  Quintana Roo,2 500 a 4 999 hab.,Total,9992,8360,4620,3740,1632,665,967
2225,Estados Unidos Mexicanos,23  Quintana Roo,2 500 a 4 999 hab.,15 a 19 años,2591,2451,1231,1220,140,69,71
2226,Estados Unidos Mexicanos,23  Quintana Roo,2 500 a 4 999 hab.,20 a 24 años,1664,1507,799,708,157,60,97
2227,Estados Unidos Mexicanos,23  Quintana Roo,2 500 a 4 999 hab.,25 a 29 años,1303,1146,633,513,157,54,103
2228,Estados Unidos Mexicanos,23  Quintana Roo,2 500 a 4 999 hab.,30 a 34 años,947,800,463,337,147,52,95
2229,Estados Unidos Mexicanos,23  Quintana Roo,2 500 a 4 999 hab.,35 a 39 años,823,644,349,295,179,63,116
2230,Estados Unidos Mexicanos,23  Quintana Roo,2 500 a 4 999 hab.,40 a 44 años,670,518,313,205,152,58,94
2231,Estados Unidos Mexicanos,23  Quintana Roo,2 500 a 4 999 hab.,45 a 49 años,556,398,245,153,158,64,94
2232,Estados Unidos Mexicanos,23  Quintana Roo,2 500 a 4 999 hab.,50 a 54 años,437,299,188,111,138,58,80
2233,Estados Unidos Mexicanos,23  Quintana Roo,2 500 a 4 999 hab.,55 a 59 años,301,201,130,71,100,45,55
2234,Estados Unidos Mexicanos,23  Quintana Roo,2 500 a 4 999 hab.,60 a 64 años,230,142,96,46,88,40,48
2235,Estados Unidos Mexicanos,23  Quintana Roo,2 500 a 4 999 hab.,65 y más años,470,254,173,81,216,102,114
2236,Estados Unidos Mexicanos,23  Quintana Roo,5 000 a 9 999 hab.,Total,3636,3069,1664,1405,567,211,356
2237,Estados Unidos Mexicanos,23  Quintana Roo,5 000 a 9 999 hab.,15 a 19 años,748,699,345,354,49,27,22
2238,Estados Unidos Mexicanos,23  Quintana Roo,5 000 a 9 999 hab.,20 a 24 años,672,601,282,319,71,24,47
2239,Estados Unidos Mexicanos,23  Quintana Roo,5 000 a 9 999 hab.,25 a 29 años,564,514,248,266,50,12,38
2240,Estados Unidos Mexicanos,23  Quintana Roo,5 000 a 9 999 hab.,30 a 34 años,439,376,224,152,63,16,47
2241,Estados Unidos Mexicanos,23  Quintana Roo,5 000 a 9 999 hab.,35 a 39 años,369,290,188,102,79,26,53
2242,Estados Unidos Mexicanos,23  Quintana Roo,5 000 a 9 999 hab.,40 a 44 años,219,172,104,68,47,15,32
2243,Estados Unidos Mexicanos,23  Quintana Roo,5 000 a 9 999 hab.,45 a 49 años,188,138,88,50,50,12,38
2244,Estados Unidos Mexicanos,23  Quintana Roo,5 000 a 9 999 hab.,50 a 54 años,139,90,60,30,49,30,19
2245,Estados Unidos Mexicanos,23  Quintana Roo,5 000 a 9 999 hab.,55 a 59 años,106,73,52,21,33,8,25
2246,Estados Unidos Mexicanos,23  Quintana Roo,5 000 a 9 999 hab.,60 a 64 años,76,46,27,19,30,14,16
2247,Estados Unidos Mexicanos,23  Quintana Roo,5 000 a 9 999 hab.,65 y más años,116,70,46,24,46,27,19
2248,Estados Unidos Mexicanos,23  Quintana Roo,10 000 a 14 999 hab.,Total,0,0,0,0,0,0,0
2249,Estados Unidos Mexicanos,23  Quintana Roo,15 000 a 19 999 hab.,Total,11136,10134,5395,4739,1002,386,616
2250,Estados Unidos Mexicanos,23  Quintana Roo,15 000 a 19 999 hab.,15 a 19 años,2034,1928,978,950,106,47,59
2251,Estados Unidos Mexicanos,23  Quintana Roo,15 000 a 19 999 hab.,20 a 24 años,2132,1976,1003,973,156,65,91
2252,Estados Unidos Mexicanos,23  Quintana Roo,15 000 a 19 999 hab.,25 a 29 años,1842,1696,912,784,146,52,94
2253,Estados Unidos Mexicanos,23  Quintana Roo,15 000 a 19 999 hab.,30 a 34 años,1358,1266,716,550,92,27,65
2254,Estados Unidos Mexicanos,23  Quintana Roo,15 000 a 19 999 hab.,35 a 39 años,1044,954,503,451,90,28,62
2255,Estados Unidos Mexicanos,23  Quintana Roo,15 000 a 19 999 hab.,40 a 44 años,733,642,355,287,91,32,59
2256,Estados Unidos Mexicanos,23  Quintana Roo,15 000 a 19 999 hab.,45 a 49 años,564,485,268,217,79,27,52
2257,Estados Unidos Mexicanos,23  Quintana Roo,15 000 a 19 999 hab.,50 a 54 años,416,357,192,165,59,24,35
2258,Estados Unidos Mexicanos,23  Quintana Roo,15 000 a 19 999 hab.,55 a 59 años,339,276,168,108,63,28,35
2259,Estados Unidos Mexicanos,23  Quintana Roo,15 000 a 19 999 hab.,60 a 64 años,261,217,103,114,44,23,21
2260,Estados Unidos Mexicanos,23  Quintana Roo,15 000 a 19 999 hab.,65 y más años,413,337,197,140,76,33,43
2261,Estados Unidos Mexicanos,23  Quintana Roo,20 000 a 49 999 hab.,Total,19690,17807,9601,8206,1883,702,1181
2262,Estados Unidos Mexicanos,23  Quintana Roo,20 000 a 49 999 hab.,15 a 19 años,3394,3153,1481,1672,241,73,168
2263,Estados Unidos Mexicanos,23  Quintana Roo,20 000 a 49 999 hab.,20 a 24 años,4604,4254,2126,2128,350,124,226
2264,Estados Unidos Mexicanos,23  Quintana Roo,20 000 a 49 999 hab.,25 a 29 años,3920,3615,1950,1665,305,113,192
2265,Estados Unidos Mexicanos,23  Quintana Roo,20 000 a 49 999 hab.,30 a 34 años,2665,2454,1451,1003,211,92,119
2266,Estados Unidos Mexicanos,23  Quintana Roo,20 000 a 49 999 hab.,35 a 39 años,1732,1535,901,634,197,70,127
2267,Estados Unidos Mexicanos,23  Quintana Roo,20 000 a 49 999 hab.,40 a 44 años,1071,911,548,363,160,68,92
2268,Estados Unidos Mexicanos,23  Quintana Roo,20 000 a 49 999 hab.,45 a 49 años,837,706,441,265,131,56,75
2269,Estados Unidos Mexicanos,23  Quintana Roo,20 000 a 49 999 hab.,50 a 54 años,538,437,262,175,101,32,69
2270,Estados Unidos Mexicanos,23  Quintana Roo,20 000 a 49 999 hab.,55 a 59 años,396,336,207,129,60,29,31
2271,Estados Unidos Mexicanos,23  Quintana Roo,20 000 a 49 999 hab.,60 a 64 años,231,182,113,69,49,15,34
2272,Estados Unidos Mexicanos,23  Quintana Roo,20 000 a 49 999 hab.,65 y más años,302,224,121,103,78,30,48
2273,Estados Unidos Mexicanos,23  Quintana Roo,50 000 a 99 999 hab.,Total,32248,29770,15059,14711,2478,846,1632
2274,Estados Unidos Mexicanos,23  Quintana Roo,50 000 a 99 999 hab.,15 a 19 años,6497,6278,2969,3309,219,81,138
2275,Estados Unidos Mexicanos,23  Quintana Roo,50 000 a 99 999 hab.,20 a 24 años,5815,5517,2578,2939,298,99,199
2276,Estados Unidos Mexicanos,23  Quintana Roo,50 000 a 99 999 hab.,25 a 29 años,4928,4652,2295,2357,276,93,183
2277,Estados Unidos Mexicanos,23  Quintana Roo,50 000 a 99 999 hab.,30 a 34 años,3936,3690,1977,1713,246,86,160
2278,Estados Unidos Mexicanos,23  Quintana Roo,50 000 a 99 999 hab.,35 a 39 años,2919,2643,1410,1233,276,103,173
2279,Estados Unidos Mexicanos,23  Quintana Roo,50 000 a 99 999 hab.,40 a 44 años,2104,1892,1048,844,212,60,152
2280,Estados Unidos Mexicanos,23  Quintana Roo,50 000 a 99 999 hab.,45 a 49 años,1597,1406,726,680,191,66,125
2281,Estados Unidos Mexicanos,23  Quintana Roo,50 000 a 99 999 hab.,50 a 54 años,1249,1062,573,489,187,51,136
2282,Estados Unidos Mexicanos,23  Quintana Roo,50 000 a 99 999 hab.,55 a 59 años,1052,904,509,395,148,59,89
2283,Estados Unidos Mexicanos,23  Quintana Roo,50 000 a 99 999 hab.,60 a 64 años,815,691,393,298,124,40,84
2284,Estados Unidos Mexicanos,23  Quintana Roo,50 000 a 99 999 hab.,65 y más años,1336,1035,581,454,301,108,193
2285,Estados Unidos Mexicanos,23  Quintana Roo,100 000  y más hab.,Total,0,0,0,0,0,0,0
2286,Estados Unidos Mexicanos,24  San Luís Potosí,Total,Total,916084,717821,370927,346894,198263,82251,116012
2287,Estados Unidos Mexicanos,24  San Luís Potosí,Total,15 a 19 años,185635,170966,85882,85084,14669,7200,7469
2288,Estados Unidos Mexicanos,24  San Luís Potosí,Total,20 a 24 años,137541,122600,60504,62096,14941,6186,8755
2289,Estados Unidos Mexicanos,24  San Luís Potosí,Total,25 a 29 años,105209,89420,44815,44605,15789,6499,9290
2290,Estados Unidos Mexicanos,24  San Luís Potosí,Total,30 a 34 años,86647,70542,36064,34478,16105,6531,9574
2291,Estados Unidos Mexicanos,24  San Luís Potosí,Total,35 a 39 años,80600,61335,31491,29844,19265,7528,11737
2292,Estados Unidos Mexicanos,24  San Luís Potosí,Total,40 a 44 años,69879,50789,27079,23710,19090,7807,11283
2293,Estados Unidos Mexicanos,24  San Luís Potosí,Total,45 a 49 años,60162,41142,22157,18985,19020,7668,11352
2294,Estados Unidos Mexicanos,24  San Luís Potosí,Total,50 a 54 años,50238,33199,18505,14694,17039,6762,10277
2295,Estados Unidos Mexicanos,24  San Luís Potosí,Total,55 a 59 años,38831,25160,14512,10648,13671,5615,8056
2296,Estados Unidos Mexicanos,24  San Luís Potosí,Total,60 a 64 años,27280,15929,9160,6769,11351,4624,6727
2297,Estados Unidos Mexicanos,24  San Luís Potosí,Total,65 y más años,74062,36739,20758,15981,37323,15831,21492
2298,Estados Unidos Mexicanos,24  San Luís Potosí,1 a 2 499 hab.,Total,465698,320059,178261,141798,145639,63550,82089
2299,Estados Unidos Mexicanos,24  San Luís Potosí,1 a 2 499 hab.,15 a 19 años,91431,80252,42018,38234,11179,5703,5476
2300,Estados Unidos Mexicanos,24  San Luís Potosí,1 a 2 499 hab.,20 a 24 años,65901,54494,28388,26106,11407,4842,6565
2301,Estados Unidos Mexicanos,24  San Luís Potosí,1 a 2 499 hab.,25 a 29 años,51091,39040,20744,18296,12051,5017,7034
2302,Estados Unidos Mexicanos,24  San Luís Potosí,1 a 2 499 hab.,30 a 34 años,43145,30959,16986,13973,12186,5141,7045
2303,Estados Unidos Mexicanos,24  San Luís Potosí,1 a 2 499 hab.,35 a 39 años,42306,27783,15374,12409,14523,5845,8678
2304,Estados Unidos Mexicanos,24  San Luís Potosí,1 a 2 499 hab.,40 a 44 años,37217,23076,13424,9652,14141,5984,8157
2305,Estados Unidos Mexicanos,24  San Luís Potosí,1 a 2 499 hab.,45 a 49 años,32813,18792,11176,7616,14021,5973,8048
2306,Estados Unidos Mexicanos,24  San Luís Potosí,1 a 2 499 hab.,50 a 54 años,27053,14586,9188,5398,12467,5245,7222
2307,Estados Unidos Mexicanos,24  San Luís Potosí,1 a 2 499 hab.,55 a 59 años,20592,10684,7098,3586,9908,4315,5593
2308,Estados Unidos Mexicanos,24  San Luís Potosí,1 a 2 499 hab.,60 a 64 años,14783,6584,4419,2165,8199,3620,4579
2309,Estados Unidos Mexicanos,24  San Luís Potosí,1 a 2 499 hab.,65 y más años,39366,13809,9446,4363,25557,11865,13692
2310,Estados Unidos Mexicanos,24  San Luís Potosí,2 500 a 4 999 hab.,Total,49217,38418,19598,18820,10799,4373,6426
2311,Estados Unidos Mexicanos,24  San Luís Potosí,2 500 a 4 999 hab.,15 a 19 años,9740,8901,4426,4475,839,382,457
2312,Estados Unidos Mexicanos,24  San Luís Potosí,2 500 a 4 999 hab.,20 a 24 años,6929,6154,2972,3182,775,295,480
2313,Estados Unidos Mexicanos,24  San Luís Potosí,2 500 a 4 999 hab.,25 a 29 años,5711,4854,2380,2474,857,388,469
2314,Estados Unidos Mexicanos,24  San Luís Potosí,2 500 a 4 999 hab.,30 a 34 años,4690,3859,1885,1974,831,326,505
2315,Estados Unidos Mexicanos,24  San Luís Potosí,2 500 a 4 999 hab.,35 a 39 años,4540,3522,1742,1780,1018,419,599
2316,Estados Unidos Mexicanos,24  San Luís Potosí,2 500 a 4 999 hab.,40 a 44 años,3805,2747,1437,1310,1058,431,627
2317,Estados Unidos Mexicanos,24  San Luís Potosí,2 500 a 4 999 hab.,45 a 49 años,3186,2159,1209,950,1027,389,638
2318,Estados Unidos Mexicanos,24  San Luís Potosí,2 500 a 4 999 hab.,50 a 54 años,2737,1831,1064,767,906,344,562
2319,Estados Unidos Mexicanos,24  San Luís Potosí,2 500 a 4 999 hab.,55 a 59 años,2107,1371,779,592,736,316,420
2320,Estados Unidos Mexicanos,24  San Luís Potosí,2 500 a 4 999 hab.,60 a 64 años,1520,900,517,383,620,222,398
2321,Estados Unidos Mexicanos,24  San Luís Potosí,2 500 a 4 999 hab.,65 y más años,4252,2120,1187,933,2132,861,1271
2322,Estados Unidos Mexicanos,24  San Luís Potosí,5 000 a 9 999 hab.,Total,34856,27157,13583,13574,7699,3204,4495
2323,Estados Unidos Mexicanos,24  San Luís Potosí,5 000 a 9 999 hab.,15 a 19 años,7504,6968,3411,3557,536,232,304
2324,Estados Unidos Mexicanos,24  San Luís Potosí,5 000 a 9 999 hab.,20 a 24 años,4837,4244,2041,2203,593,249,344
2325,Estados Unidos Mexicanos,24  San Luís Potosí,5 000 a 9 999 hab.,25 a 29 años,3544,2974,1420,1554,570,235,335
2326,Estados Unidos Mexicanos,24  San Luís Potosí,5 000 a 9 999 hab.,30 a 34 años,2972,2375,1163,1212,597,251,346
2327,Estados Unidos Mexicanos,24  San Luís Potosí,5 000 a 9 999 hab.,35 a 39 años,2943,2223,1103,1120,720,295,425
2328,Estados Unidos Mexicanos,24  San Luís Potosí,5 000 a 9 999 hab.,40 a 44 años,2724,1967,1000,967,757,322,435
2329,Estados Unidos Mexicanos,24  San Luís Potosí,5 000 a 9 999 hab.,45 a 49 años,2341,1588,809,779,753,310,443
2330,Estados Unidos Mexicanos,24  San Luís Potosí,5 000 a 9 999 hab.,50 a 54 años,1952,1299,683,616,653,267,386
2331,Estados Unidos Mexicanos,24  San Luís Potosí,5 000 a 9 999 hab.,55 a 59 años,1565,997,566,431,568,228,340
2332,Estados Unidos Mexicanos,24  San Luís Potosí,5 000 a 9 999 hab.,60 a 64 años,1114,665,371,294,449,172,277
2333,Estados Unidos Mexicanos,24  San Luís Potosí,5 000 a 9 999 hab.,65 y más años,3360,1857,1016,841,1503,643,860
2334,Estados Unidos Mexicanos,24  San Luís Potosí,10 000 a 14 999 hab.,Total,26037,22052,10960,11092,3985,1342,2643
2335,Estados Unidos Mexicanos,24  San Luís Potosí,10 000 a 14 999 hab.,15 a 19 años,5259,5070,2490,2580,189,70,119
2336,Estados Unidos Mexicanos,24  San Luís Potosí,10 000 a 14 999 hab.,20 a 24 años,3615,3382,1526,1856,233,75,158
2337,Estados Unidos Mexicanos,24  San Luís Potosí,10 000 a 14 999 hab.,25 a 29 años,2926,2675,1296,1379,251,97,154
2338,Estados Unidos Mexicanos,24  San Luís Potosí,10 000 a 14 999 hab.,30 a 34 años,2309,2032,1014,1018,277,89,188
2339,Estados Unidos Mexicanos,24  San Luís Potosí,10 000 a 14 999 hab.,35 a 39 años,2231,1883,929,954,348,112,236
2340,Estados Unidos Mexicanos,24  San Luís Potosí,10 000 a 14 999 hab.,40 a 44 años,2144,1751,870,881,393,136,257
2341,Estados Unidos Mexicanos,24  San Luís Potosí,10 000 a 14 999 hab.,45 a 49 años,1776,1408,710,698,368,129,239
2342,Estados Unidos Mexicanos,24  San Luís Potosí,10 000 a 14 999 hab.,50 a 54 años,1497,1131,600,531,366,142,224
2343,Estados Unidos Mexicanos,24  San Luís Potosí,10 000 a 14 999 hab.,55 a 59 años,1096,803,464,339,293,95,198
2344,Estados Unidos Mexicanos,24  San Luís Potosí,10 000 a 14 999 hab.,60 a 64 años,792,538,300,238,254,74,180
2345,Estados Unidos Mexicanos,24  San Luís Potosí,10 000 a 14 999 hab.,65 y más años,2392,1379,761,618,1013,323,690
2346,Estados Unidos Mexicanos,24  San Luís Potosí,15 000 a 19 999 hab.,Total,19649,17012,8396,8616,2637,992,1645
2347,Estados Unidos Mexicanos,24  San Luís Potosí,15 000 a 19 999 hab.,15 a 19 años,3825,3640,1810,1830,185,92,93
2348,Estados Unidos Mexicanos,24  San Luís Potosí,15 000 a 19 999 hab.,20 a 24 años,2775,2609,1228,1381,166,65,101
2349,Estados Unidos Mexicanos,24  San Luís Potosí,15 000 a 19 999 hab.,25 a 29 años,2157,1990,976,1014,167,71,96
2350,Estados Unidos Mexicanos,24  San Luís Potosí,15 000 a 19 999 hab.,30 a 34 años,1768,1621,792,829,147,51,96
2351,Estados Unidos Mexicanos,24  San Luís Potosí,15 000 a 19 999 hab.,35 a 39 años,1737,1522,733,789,215,89,126
2352,Estados Unidos Mexicanos,24  San Luís Potosí,15 000 a 19 999 hab.,40 a 44 años,1547,1335,627,708,212,77,135
2353,Estados Unidos Mexicanos,24  San Luís Potosí,15 000 a 19 999 hab.,45 a 49 años,1377,1120,552,568,257,90,167
2354,Estados Unidos Mexicanos,24  San Luís Potosí,15 000 a 19 999 hab.,50 a 54 años,1173,950,471,479,223,81,142
2355,Estados Unidos Mexicanos,24  San Luís Potosí,15 000 a 19 999 hab.,55 a 59 años,822,639,354,285,183,63,120
2356,Estados Unidos Mexicanos,24  San Luís Potosí,15 000 a 19 999 hab.,60 a 64 años,554,403,196,207,151,46,105
2357,Estados Unidos Mexicanos,24  San Luís Potosí,15 000 a 19 999 hab.,65 y más años,1914,1183,657,526,731,267,464
2358,Estados Unidos Mexicanos,24  San Luís Potosí,20 000 a 49 999 hab.,Total,65617,57866,28067,29799,7751,2872,4879
2359,Estados Unidos Mexicanos,24  San Luís Potosí,20 000 a 49 999 hab.,15 a 19 años,14332,13819,6709,7110,513,235,278
2360,Estados Unidos Mexicanos,24  San Luís Potosí,20 000 a 49 999 hab.,20 a 24 años,10169,9705,4466,5239,464,189,275
2361,Estados Unidos Mexicanos,24  San Luís Potosí,20 000 a 49 999 hab.,25 a 29 años,7693,7167,3400,3767,526,215,311
2362,Estados Unidos Mexicanos,24  San Luís Potosí,20 000 a 49 999 hab.,30 a 34 años,6478,5866,2838,3028,612,212,400
2363,Estados Unidos Mexicanos,24  San Luís Potosí,20 000 a 49 999 hab.,35 a 39 años,5875,5149,2466,2683,726,270,456
2364,Estados Unidos Mexicanos,24  San Luís Potosí,20 000 a 49 999 hab.,40 a 44 años,5006,4229,2108,2121,777,301,476
2365,Estados Unidos Mexicanos,24  San Luís Potosí,20 000 a 49 999 hab.,45 a 49 años,4004,3257,1626,1631,747,264,483
2366,Estados Unidos Mexicanos,24  San Luís Potosí,20 000 a 49 999 hab.,50 a 54 años,3314,2631,1346,1285,683,255,428
2367,Estados Unidos Mexicanos,24  San Luís Potosí,20 000 a 49 999 hab.,55 a 59 años,2500,1967,1063,904,533,198,335
2368,Estados Unidos Mexicanos,24  San Luís Potosí,20 000 a 49 999 hab.,60 a 64 años,1576,1167,604,563,409,138,271
2369,Estados Unidos Mexicanos,24  San Luís Potosí,20 000 a 49 999 hab.,65 y más años,4670,2909,1441,1468,1761,595,1166
2370,Estados Unidos Mexicanos,24  San Luís Potosí,50 000 a 99 999 hab.,Total,37511,32877,16048,16829,4634,1466,3168
2371,Estados Unidos Mexicanos,24  San Luís Potosí,50 000 a 99 999 hab.,15 a 19 años,7378,7107,3291,3816,271,84,187
2372,Estados Unidos Mexicanos,24  San Luís Potosí,50 000 a 99 999 hab.,20 a 24 años,5893,5601,2542,3059,292,106,186
2373,Estados Unidos Mexicanos,24  San Luís Potosí,50 000 a 99 999 hab.,25 a 29 años,4827,4496,2024,2472,331,107,224
2374,Estados Unidos Mexicanos,24  San Luís Potosí,50 000 a 99 999 hab.,30 a 34 años,4091,3698,1799,1899,393,132,261
2375,Estados Unidos Mexicanos,24  San Luís Potosí,50 000 a 99 999 hab.,35 a 39 años,3496,3047,1543,1504,449,139,310
2376,Estados Unidos Mexicanos,24  San Luís Potosí,50 000 a 99 999 hab.,40 a 44 años,2934,2425,1297,1128,509,170,339
2377,Estados Unidos Mexicanos,24  San Luís Potosí,50 000 a 99 999 hab.,45 a 49 años,2369,1899,1014,885,470,137,333
2378,Estados Unidos Mexicanos,24  San Luís Potosí,50 000 a 99 999 hab.,50 a 54 años,1818,1421,775,646,397,119,278
2379,Estados Unidos Mexicanos,24  San Luís Potosí,50 000 a 99 999 hab.,55 a 59 años,1406,1088,613,475,318,99,219
2380,Estados Unidos Mexicanos,24  San Luís Potosí,50 000 a 99 999 hab.,60 a 64 años,926,645,364,281,281,82,199
2381,Estados Unidos Mexicanos,24  San Luís Potosí,50 000 a 99 999 hab.,65 y más años,2373,1450,786,664,923,291,632
2382,Estados Unidos Mexicanos,24  San Luís Potosí,100 000  y más hab.,Total,217499,202380,96014,106366,15119,4452,10667
2383,Estados Unidos Mexicanos,24  San Luís Potosí,100 000  y más hab.,15 a 19 años,46166,45209,21727,23482,957,402,555
2384,Estados Unidos Mexicanos,24  San Luís Potosí,100 000  y más hab.,20 a 24 años,37422,36411,17341,19070,1011,365,646
2385,Estados Unidos Mexicanos,24  San Luís Potosí,100 000  y más hab.,25 a 29 años,27260,26224,12575,13649,1036,369,667
2386,Estados Unidos Mexicanos,24  San Luís Potosí,100 000  y más hab.,30 a 34 años,21194,20132,9587,10545,1062,329,733
2387,Estados Unidos Mexicanos,24  San Luís Potosí,100 000  y más hab.,35 a 39 años,17472,16206,7601,8605,1266,359,907
2388,Estados Unidos Mexicanos,24  San Luís Potosí,100 000  y más hab.,40 a 44 años,14502,13259,6316,6943,1243,386,857
2389,Estados Unidos Mexicanos,24  San Luís Potosí,100 000  y más hab.,45 a 49 años,12296,10919,5061,5858,1377,376,1001
2390,Estados Unidos Mexicanos,24  San Luís Potosí,100 000  y más hab.,50 a 54 años,10694,9350,4378,4972,1344,309,1035
2391,Estados Unidos Mexicanos,24  San Luís Potosí,100 000  y más hab.,55 a 59 años,8743,7611,3575,4036,1132,301,831
2392,Estados Unidos Mexicanos,24  San Luís Potosí,100 000  y más hab.,60 a 64 años,6015,5027,2389,2638,988,270,718
2393,Estados Unidos Mexicanos,24  San Luís Potosí,100 000  y más hab.,65 y más años,15735,12032,5464,6568,3703,986,2717
2394,Estados Unidos Mexicanos,25  Sinaloa,Total,Total,1016841,875528,440272,435256,141313,71871,69442
2395,Estados Unidos Mexicanos,25  Sinaloa,Total,15 a 19 años,215011,206062,102333,103729,8949,5099,3850
2396,Estados Unidos Mexicanos,25  Sinaloa,Total,20 a 24 años,165518,155644,76149,79495,9874,5076,4798
2397,Estados Unidos Mexicanos,25  Sinaloa,Total,25 a 29 años,125474,115273,56594,58679,10201,5068,5133
2398,Estados Unidos Mexicanos,25  Sinaloa,Total,30 a 34 años,101920,90353,45141,45212,11567,5999,5568
2399,Estados Unidos Mexicanos,25  Sinaloa,Total,35 a 39 años,92216,77920,39898,38022,14296,7386,6910
2400,Estados Unidos Mexicanos,25  Sinaloa,Total,40 a 44 años,74815,60707,31823,28884,14108,7163,6945
2401,Estados Unidos Mexicanos,25  Sinaloa,Total,45 a 49 años,58802,46214,24298,21916,12588,6437,6151
2402,Estados Unidos Mexicanos,25  Sinaloa,Total,50 a 54 años,48274,36960,19496,17464,11314,5585,5729
2403,Estados Unidos Mexicanos,25  Sinaloa,Total,55 a 59 años,38622,28608,15269,13339,10014,5054,4960
2404,Estados Unidos Mexicanos,25  Sinaloa,Total,60 a 64 años,31002,20885,10802,10083,10117,5074,5043
2405,Estados Unidos Mexicanos,25  Sinaloa,Total,65 y más años,65187,36902,18469,18433,28285,13930,14355
2406,Estados Unidos Mexicanos,25  Sinaloa,1 a 2 499 hab.,Total,417122,327541,171527,156014,89581,47889,41692
2407,Estados Unidos Mexicanos,25  Sinaloa,1 a 2 499 hab.,15 a 19 años,86917,80764,41273,39491,6153,3536,2617
2408,Estados Unidos Mexicanos,25  Sinaloa,1 a 2 499 hab.,20 a 24 años,63975,57580,29417,28163,6395,3428,2967
2409,Estados Unidos Mexicanos,25  Sinaloa,1 a 2 499 hab.,25 a 29 años,47696,41241,20917,20324,6455,3296,3159
2410,Estados Unidos Mexicanos,25  Sinaloa,1 a 2 499 hab.,30 a 34 años,40095,32605,16904,15701,7490,4033,3457
2411,Estados Unidos Mexicanos,25  Sinaloa,1 a 2 499 hab.,35 a 39 años,38743,29398,15625,13773,9345,4990,4355
2412,Estados Unidos Mexicanos,25  Sinaloa,1 a 2 499 hab.,40 a 44 años,31926,22950,12412,10538,8976,4796,4180
2413,Estados Unidos Mexicanos,25  Sinaloa,1 a 2 499 hab.,45 a 49 años,25264,17302,9424,7878,7962,4311,3651
2414,Estados Unidos Mexicanos,25  Sinaloa,1 a 2 499 hab.,50 a 54 años,20890,13812,7717,6095,7078,3694,3384
2415,Estados Unidos Mexicanos,25  Sinaloa,1 a 2 499 hab.,55 a 59 años,16679,10543,6000,4543,6136,3311,2825
2416,Estados Unidos Mexicanos,25  Sinaloa,1 a 2 499 hab.,60 a 64 años,14136,7747,4271,3476,6389,3423,2966
2417,Estados Unidos Mexicanos,25  Sinaloa,1 a 2 499 hab.,65 y más años,30801,13599,7567,6032,17202,9071,8131
2418,Estados Unidos Mexicanos,25  Sinaloa,2 500 a 4 999 hab.,Total,63467,55203,27918,27285,8264,4118,4146
2419,Estados Unidos Mexicanos,25  Sinaloa,2 500 a 4 999 hab.,15 a 19 años,13813,13368,6761,6607,445,267,178
2420,Estados Unidos Mexicanos,25  Sinaloa,2 500 a 4 999 hab.,20 a 24 años,9778,9309,4504,4805,469,230,239
2421,Estados Unidos Mexicanos,25  Sinaloa,2 500 a 4 999 hab.,25 a 29 años,7247,6745,3263,3482,502,230,272
2422,Estados Unidos Mexicanos,25  Sinaloa,2 500 a 4 999 hab.,30 a 34 años,6103,5447,2706,2741,656,354,302
2423,Estados Unidos Mexicanos,25  Sinaloa,2 500 a 4 999 hab.,35 a 39 años,5806,4975,2537,2438,831,432,399
2424,Estados Unidos Mexicanos,25  Sinaloa,2 500 a 4 999 hab.,40 a 44 años,4850,4021,2129,1892,829,411,418
2425,Estados Unidos Mexicanos,25  Sinaloa,2 500 a 4 999 hab.,45 a 49 años,3838,3035,1652,1383,803,394,409
2426,Estados Unidos Mexicanos,25  Sinaloa,2 500 a 4 999 hab.,50 a 54 años,2994,2338,1262,1076,656,312,344
2427,Estados Unidos Mexicanos,25  Sinaloa,2 500 a 4 999 hab.,55 a 59 años,2516,1914,1032,882,602,292,310
2428,Estados Unidos Mexicanos,25  Sinaloa,2 500 a 4 999 hab.,60 a 64 años,1979,1409,756,653,570,271,299
2429,Estados Unidos Mexicanos,25  Sinaloa,2 500 a 4 999 hab.,65 y más años,4543,2642,1316,1326,1901,925,976
2430,Estados Unidos Mexicanos,25  Sinaloa,5 000 a 9 999 hab.,Total,75382,65872,33807,32065,9510,4739,4771
2431,Estados Unidos Mexicanos,25  Sinaloa,5 000 a 9 999 hab.,15 a 19 años,15915,15416,7817,7599,499,285,214
2432,Estados Unidos Mexicanos,25  Sinaloa,5 000 a 9 999 hab.,20 a 24 años,12355,11696,5787,5909,659,357,302
2433,Estados Unidos Mexicanos,25  Sinaloa,5 000 a 9 999 hab.,25 a 29 años,9387,8735,4388,4347,652,355,297
2434,Estados Unidos Mexicanos,25  Sinaloa,5 000 a 9 999 hab.,30 a 34 años,7331,6580,3420,3160,751,388,363
2435,Estados Unidos Mexicanos,25  Sinaloa,5 000 a 9 999 hab.,35 a 39 años,6850,5911,3040,2871,939,472,467
2436,Estados Unidos Mexicanos,25  Sinaloa,5 000 a 9 999 hab.,40 a 44 años,5568,4580,2451,2129,988,483,505
2437,Estados Unidos Mexicanos,25  Sinaloa,5 000 a 9 999 hab.,45 a 49 años,4425,3580,1926,1654,845,405,440
2438,Estados Unidos Mexicanos,25  Sinaloa,5 000 a 9 999 hab.,50 a 54 años,3664,2879,1542,1337,785,367,418
2439,Estados Unidos Mexicanos,25  Sinaloa,5 000 a 9 999 hab.,55 a 59 años,2964,2230,1258,972,734,375,359
2440,Estados Unidos Mexicanos,25  Sinaloa,5 000 a 9 999 hab.,60 a 64 años,2255,1552,819,733,703,344,359
2441,Estados Unidos Mexicanos,25  Sinaloa,5 000 a 9 999 hab.,65 y más años,4668,2713,1359,1354,1955,908,1047
2442,Estados Unidos Mexicanos,25  Sinaloa,10 000 a 14 999 hab.,Total,12767,11103,5516,5587,1664,788,876
2443,Estados Unidos Mexicanos,25  Sinaloa,10 000 a 14 999 hab.,15 a 19 años,2643,2477,1248,1229,166,86,80
2444,Estados Unidos Mexicanos,25  Sinaloa,10 000 a 14 999 hab.,20 a 24 años,1959,1854,909,945,105,46,59
2445,Estados Unidos Mexicanos,25  Sinaloa,10 000 a 14 999 hab.,25 a 29 años,1618,1477,723,754,141,65,76
2446,Estados Unidos Mexicanos,25  Sinaloa,10 000 a 14 999 hab.,30 a 34 años,1173,1051,547,504,122,50,72
2447,Estados Unidos Mexicanos,25  Sinaloa,10 000 a 14 999 hab.,35 a 39 años,1068,893,437,456,175,84,91
2448,Estados Unidos Mexicanos,25  Sinaloa,10 000 a 14 999 hab.,40 a 44 años,954,790,430,360,164,69,95
2449,Estados Unidos Mexicanos,25  Sinaloa,10 000 a 14 999 hab.,45 a 49 años,765,623,301,322,142,83,59
2450,Estados Unidos Mexicanos,25  Sinaloa,10 000 a 14 999 hab.,50 a 54 años,628,493,224,269,135,58,77
2451,Estados Unidos Mexicanos,25  Sinaloa,10 000 a 14 999 hab.,55 a 59 años,544,424,228,196,120,55,65
2452,Estados Unidos Mexicanos,25  Sinaloa,10 000 a 14 999 hab.,60 a 64 años,447,349,176,173,98,55,43
2453,Estados Unidos Mexicanos,25  Sinaloa,10 000 a 14 999 hab.,65 y más años,968,672,293,379,296,137,159
2454,Estados Unidos Mexicanos,25  Sinaloa,15 000 a 19 999 hab.,Total,19640,17574,8854,8720,2066,972,1094
2455,Estados Unidos Mexicanos,25  Sinaloa,15 000 a 19 999 hab.,15 a 19 años,4536,4372,2143,2229,164,99,65
2456,Estados Unidos Mexicanos,25  Sinaloa,15 000 a 19 999 hab.,20 a 24 años,3238,3107,1549,1558,131,51,80
2457,Estados Unidos Mexicanos,25  Sinaloa,15 000 a 19 999 hab.,25 a 29 años,2344,2201,1097,1104,143,64,79
2458,Estados Unidos Mexicanos,25  Sinaloa,15 000 a 19 999 hab.,30 a 34 años,1829,1651,803,848,178,90,88
2459,Estados Unidos Mexicanos,25  Sinaloa,15 000 a 19 999 hab.,35 a 39 años,1622,1436,697,739,186,91,95
2460,Estados Unidos Mexicanos,25  Sinaloa,15 000 a 19 999 hab.,40 a 44 años,1377,1173,599,574,204,80,124
2461,Estados Unidos Mexicanos,25  Sinaloa,15 000 a 19 999 hab.,45 a 49 años,1155,971,500,471,184,75,109
2462,Estados Unidos Mexicanos,25  Sinaloa,15 000 a 19 999 hab.,50 a 54 años,950,806,443,363,144,79,65
2463,Estados Unidos Mexicanos,25  Sinaloa,15 000 a 19 999 hab.,55 a 59 años,771,618,341,277,153,75,78
2464,Estados Unidos Mexicanos,25  Sinaloa,15 000 a 19 999 hab.,60 a 64 años,657,493,268,225,164,80,84
2465,Estados Unidos Mexicanos,25  Sinaloa,15 000 a 19 999 hab.,65 y más años,1161,746,414,332,415,188,227
2466,Estados Unidos Mexicanos,25  Sinaloa,20 000 a 49 999 hab.,Total,63528,58023,28296,29727,5505,2530,2975
2467,Estados Unidos Mexicanos,25  Sinaloa,20 000 a 49 999 hab.,15 a 19 años,13789,13516,6468,7048,273,143,130
2468,Estados Unidos Mexicanos,25  Sinaloa,20 000 a 49 999 hab.,20 a 24 años,10614,10258,4726,5532,356,163,193
2469,Estados Unidos Mexicanos,25  Sinaloa,20 000 a 49 999 hab.,25 a 29 años,7934,7537,3644,3893,397,184,213
2470,Estados Unidos Mexicanos,25  Sinaloa,20 000 a 49 999 hab.,30 a 34 años,6525,6111,2937,3174,414,163,251
2471,Estados Unidos Mexicanos,25  Sinaloa,20 000 a 49 999 hab.,35 a 39 años,5769,5225,2660,2565,544,255,289
2472,Estados Unidos Mexicanos,25  Sinaloa,20 000 a 49 999 hab.,40 a 44 años,4660,4146,2141,2005,514,236,278
2473,Estados Unidos Mexicanos,25  Sinaloa,20 000 a 49 999 hab.,45 a 49 años,3600,3156,1629,1527,444,209,235
2474,Estados Unidos Mexicanos,25  Sinaloa,20 000 a 49 999 hab.,50 a 54 años,2793,2352,1213,1139,441,200,241
2475,Estados Unidos Mexicanos,25  Sinaloa,20 000 a 49 999 hab.,55 a 59 años,2320,1896,949,947,424,200,224
2476,Estados Unidos Mexicanos,25  Sinaloa,20 000 a 49 999 hab.,60 a 64 años,1850,1390,726,664,460,223,237
2477,Estados Unidos Mexicanos,25  Sinaloa,20 000 a 49 999 hab.,65 y más años,3674,2436,1203,1233,1238,554,684
2478,Estados Unidos Mexicanos,25  Sinaloa,50 000 a 99 999 hab.,Total,0,0,0,0,0,0,0
2479,Estados Unidos Mexicanos,25  Sinaloa,100 000  y más hab.,Total,364935,340212,164354,175858,24723,10835,13888
2480,Estados Unidos Mexicanos,25  Sinaloa,100 000  y más hab.,15 a 19 años,77398,76149,36623,39526,1249,683,566
2481,Estados Unidos Mexicanos,25  Sinaloa,100 000  y más hab.,20 a 24 años,63599,61840,29257,32583,1759,801,958
2482,Estados Unidos Mexicanos,25  Sinaloa,100 000  y más hab.,25 a 29 años,49248,47337,22562,24775,1911,874,1037
2483,Estados Unidos Mexicanos,25  Sinaloa,100 000  y más hab.,30 a 34 años,38864,36908,17824,19084,1956,921,1035
2484,Estados Unidos Mexicanos,25  Sinaloa,100 000  y más hab.,35 a 39 años,32358,30082,14902,15180,2276,1062,1214
2485,Estados Unidos Mexicanos,25  Sinaloa,100 000  y más hab.,40 a 44 años,25480,23047,11661,11386,2433,1088,1345
2486,Estados Unidos Mexicanos,25  Sinaloa,100 000  y más hab.,45 a 49 años,19755,17547,8866,8681,2208,960,1248
2487,Estados Unidos Mexicanos,25  Sinaloa,100 000  y más hab.,50 a 54 años,16355,14280,7095,7185,2075,875,1200
2488,Estados Unidos Mexicanos,25  Sinaloa,100 000  y más hab.,55 a 59 años,12828,10983,5461,5522,1845,746,1099
2489,Estados Unidos Mexicanos,25  Sinaloa,100 000  y más hab.,60 a 64 años,9678,7945,3786,4159,1733,678,1055
2490,Estados Unidos Mexicanos,25  Sinaloa,100 000  y más hab.,65 y más años,19372,14094,6317,7777,5278,2147,3131
2491,Estados Unidos Mexicanos,26  Sonora,Total,Total,876307,801485,404063,397422,74822,35893,38929
2492,Estados Unidos Mexicanos,26  Sonora,Total,15 a 19 años,176531,172310,85939,86371,4221,2223,1998
2493,Estados Unidos Mexicanos,26  Sonora,Total,20 a 24 años,145373,140574,69512,71062,4799,2335,2464
2494,Estados Unidos Mexicanos,26  Sonora,Total,25 a 29 años,109785,104950,51624,53326,4835,2355,2480
2495,Estados Unidos Mexicanos,26  Sonora,Total,30 a 34 años,88150,82707,41531,41176,5443,2609,2834
2496,Estados Unidos Mexicanos,26  Sonora,Total,35 a 39 años,77393,70355,35647,34708,7038,3216,3822
2497,Estados Unidos Mexicanos,26  Sonora,Total,40 a 44 años,65740,58012,30028,27984,7728,3584,4144
2498,Estados Unidos Mexicanos,26  Sonora,Total,45 a 49 años,53353,46127,24117,22010,7226,3387,3839
2499,Estados Unidos Mexicanos,26  Sonora,Total,50 a 54 años,44257,37258,19681,17577,6999,3383,3616
2500,Estados Unidos Mexicanos,26  Sonora,Total,55 a 59 años,35403,29340,15813,13527,6063,2995,3068
2501,Estados Unidos Mexicanos,26  Sonora,Total,60 a 64 años,27280,21737,11279,10458,5543,2722,2821
2502,Estados Unidos Mexicanos,26  Sonora,Total,65 y más años,53042,38115,18892,19223,14927,7084,7843
2503,Estados Unidos Mexicanos,26  Sonora,1 a 2 499 hab.,Total,250027,210595,113766,96829,39432,20417,19015
2504,Estados Unidos Mexicanos,26  Sonora,1 a 2 499 hab.,15 a 19 años,47465,45249,23543,21706,2216,1192,1024
2505,Estados Unidos Mexicanos,26  Sonora,1 a 2 499 hab.,20 a 24 años,38680,36055,18921,17134,2625,1313,1312
2506,Estados Unidos Mexicanos,26  Sonora,1 a 2 499 hab.,25 a 29 años,29162,26468,13934,12534,2694,1375,1319
2507,Estados Unidos Mexicanos,26  Sonora,1 a 2 499 hab.,30 a 34 años,24305,21341,11391,9950,2964,1507,1457
2508,Estados Unidos Mexicanos,26  Sonora,1 a 2 499 hab.,35 a 39 años,23084,19110,10480,8630,3974,1930,2044
2509,Estados Unidos Mexicanos,26  Sonora,1 a 2 499 hab.,40 a 44 años,20182,16000,8888,7112,4182,2074,2108
2510,Estados Unidos Mexicanos,26  Sonora,1 a 2 499 hab.,45 a 49 años,16066,12130,6926,5204,3936,1973,1963
2511,Estados Unidos Mexicanos,26  Sonora,1 a 2 499 hab.,50 a 54 años,13509,9884,5596,4288,3625,1921,1704
2512,Estados Unidos Mexicanos,26  Sonora,1 a 2 499 hab.,55 a 59 años,10893,7883,4670,3213,3010,1629,1381
2513,Estados Unidos Mexicanos,26  Sonora,1 a 2 499 hab.,60 a 64 años,8789,5899,3454,2445,2890,1590,1300
2514,Estados Unidos Mexicanos,26  Sonora,1 a 2 499 hab.,65 y más años,17892,10576,5963,4613,7316,3913,3403
2515,Estados Unidos Mexicanos,26  Sonora,2 500 a 4 999 hab.,Total,43019,38696,19817,18879,4323,2162,2161
2516,Estados Unidos Mexicanos,26  Sonora,2 500 a 4 999 hab.,15 a 19 años,8943,8711,4420,4291,232,124,108
2517,Estados Unidos Mexicanos,26  Sonora,2 500 a 4 999 hab.,20 a 24 años,6963,6692,3378,3314,271,143,128
2518,Estados Unidos Mexicanos,26  Sonora,2 500 a 4 999 hab.,25 a 29 años,5034,4782,2425,2357,252,127,125
2519,Estados Unidos Mexicanos,26  Sonora,2 500 a 4 999 hab.,30 a 34 años,4195,3876,1930,1946,319,159,160
2520,Estados Unidos Mexicanos,26  Sonora,2 500 a 4 999 hab.,35 a 39 años,3714,3328,1705,1623,386,179,207
2521,Estados Unidos Mexicanos,26  Sonora,2 500 a 4 999 hab.,40 a 44 años,3352,2915,1535,1380,437,215,222
2522,Estados Unidos Mexicanos,26  Sonora,2 500 a 4 999 hab.,45 a 49 años,2700,2286,1195,1091,414,184,230
2523,Estados Unidos Mexicanos,26  Sonora,2 500 a 4 999 hab.,50 a 54 años,2223,1794,941,853,429,194,235
2524,Estados Unidos Mexicanos,26  Sonora,2 500 a 4 999 hab.,55 a 59 años,1701,1346,709,637,355,175,180
2525,Estados Unidos Mexicanos,26  Sonora,2 500 a 4 999 hab.,60 a 64 años,1388,1075,589,486,313,168,145
2526,Estados Unidos Mexicanos,26  Sonora,2 500 a 4 999 hab.,65 y más años,2806,1891,990,901,915,494,421
2527,Estados Unidos Mexicanos,26  Sonora,5 000 a 9 999 hab.,Total,42338,38792,19590,19202,3546,1591,1955
2528,Estados Unidos Mexicanos,26  Sonora,5 000 a 9 999 hab.,15 a 19 años,8727,8550,4281,4269,177,90,87
2529,Estados Unidos Mexicanos,26  Sonora,5 000 a 9 999 hab.,20 a 24 años,6703,6470,3228,3242,233,122,111
2530,Estados Unidos Mexicanos,26  Sonora,5 000 a 9 999 hab.,25 a 29 años,4982,4774,2398,2376,208,110,98
2531,Estados Unidos Mexicanos,26  Sonora,5 000 a 9 999 hab.,30 a 34 años,3974,3750,1840,1910,224,111,113
2532,Estados Unidos Mexicanos,26  Sonora,5 000 a 9 999 hab.,35 a 39 años,3729,3429,1659,1770,300,133,167
2533,Estados Unidos Mexicanos,26  Sonora,5 000 a 9 999 hab.,40 a 44 años,3250,2894,1476,1418,356,142,214
2534,Estados Unidos Mexicanos,26  Sonora,5 000 a 9 999 hab.,45 a 49 años,2723,2379,1204,1175,344,143,201
2535,Estados Unidos Mexicanos,26  Sonora,5 000 a 9 999 hab.,50 a 54 años,2169,1832,1017,815,337,153,184
2536,Estados Unidos Mexicanos,26  Sonora,5 000 a 9 999 hab.,55 a 59 años,1765,1487,818,669,278,111,167
2537,Estados Unidos Mexicanos,26  Sonora,5 000 a 9 999 hab.,60 a 64 años,1438,1151,620,531,287,126,161
2538,Estados Unidos Mexicanos,26  Sonora,5 000 a 9 999 hab.,65 y más años,2878,2076,1049,1027,802,350,452
2539,Estados Unidos Mexicanos,26  Sonora,10 000 a 14 999 hab.,Total,14242,13472,6629,6843,770,329,441
2540,Estados Unidos Mexicanos,26  Sonora,10 000 a 14 999 hab.,15 a 19 años,2647,2592,1286,1306,55,23,32
2541,Estados Unidos Mexicanos,26  Sonora,10 000 a 14 999 hab.,20 a 24 años,2145,2093,1009,1084,52,26,26
2542,Estados Unidos Mexicanos,26  Sonora,10 000 a 14 999 hab.,25 a 29 años,1892,1846,874,972,46,26,20
2543,Estados Unidos Mexicanos,26  Sonora,10 000 a 14 999 hab.,30 a 34 años,1504,1441,702,739,63,24,39
2544,Estados Unidos Mexicanos,26  Sonora,10 000 a 14 999 hab.,35 a 39 años,1285,1221,613,608,64,30,34
2545,Estados Unidos Mexicanos,26  Sonora,10 000 a 14 999 hab.,40 a 44 años,1081,1006,526,480,75,25,50
2546,Estados Unidos Mexicanos,26  Sonora,10 000 a 14 999 hab.,45 a 49 años,878,823,411,412,55,27,28
2547,Estados Unidos Mexicanos,26  Sonora,10 000 a 14 999 hab.,50 a 54 años,684,620,319,301,64,23,41
2548,Estados Unidos Mexicanos,26  Sonora,10 000 a 14 999 hab.,55 a 59 años,630,569,277,292,61,27,34
2549,Estados Unidos Mexicanos,26  Sonora,10 000 a 14 999 hab.,60 a 64 años,513,454,224,230,59,30,29
2550,Estados Unidos Mexicanos,26  Sonora,10 000 a 14 999 hab.,65 y más años,983,807,388,419,176,68,108
2551,Estados Unidos Mexicanos,26  Sonora,15 000 a 19 999 hab.,Total,31737,30298,15066,15232,1439,598,841
2552,Estados Unidos Mexicanos,26  Sonora,15 000 a 19 999 hab.,15 a 19 años,6218,6138,3076,3062,80,36,44
2553,Estados Unidos Mexicanos,26  Sonora,15 000 a 19 999 hab.,20 a 24 años,5014,4928,2336,2592,86,48,38
2554,Estados Unidos Mexicanos,26  Sonora,15 000 a 19 999 hab.,25 a 29 años,4153,4071,1987,2084,82,39,43
2555,Estados Unidos Mexicanos,26  Sonora,15 000 a 19 999 hab.,30 a 34 años,3384,3295,1645,1650,89,32,57
2556,Estados Unidos Mexicanos,26  Sonora,15 000 a 19 999 hab.,35 a 39 años,2799,2679,1330,1349,120,49,71
2557,Estados Unidos Mexicanos,26  Sonora,15 000 a 19 999 hab.,40 a 44 años,2350,2205,1158,1047,145,56,89
2558,Estados Unidos Mexicanos,26  Sonora,15 000 a 19 999 hab.,45 a 49 años,1876,1746,855,891,130,53,77
2559,Estados Unidos Mexicanos,26  Sonora,15 000 a 19 999 hab.,50 a 54 años,1666,1531,793,738,135,50,85
2560,Estados Unidos Mexicanos,26  Sonora,15 000 a 19 999 hab.,55 a 59 años,1362,1237,648,589,125,60,65
2561,Estados Unidos Mexicanos,26  Sonora,15 000 a 19 999 hab.,60 a 64 años,1071,970,483,487,101,43,58
2562,Estados Unidos Mexicanos,26  Sonora,15 000 a 19 999 hab.,65 y más años,1844,1498,755,743,346,132,214
2563,Estados Unidos Mexicanos,26  Sonora,20 000 a 49 999 hab.,Total,68866,64755,31781,32974,4111,1756,2355
2564,Estados Unidos Mexicanos,26  Sonora,20 000 a 49 999 hab.,15 a 19 años,14198,13943,6780,7163,255,143,112
2565,Estados Unidos Mexicanos,26  Sonora,20 000 a 49 999 hab.,20 a 24 años,11541,11266,5253,6013,275,136,139
2566,Estados Unidos Mexicanos,26  Sonora,20 000 a 49 999 hab.,25 a 29 años,8623,8349,4038,4311,274,120,154
2567,Estados Unidos Mexicanos,26  Sonora,20 000 a 49 999 hab.,30 a 34 años,6810,6508,3195,3313,302,135,167
2568,Estados Unidos Mexicanos,26  Sonora,20 000 a 49 999 hab.,35 a 39 años,5803,5482,2697,2785,321,122,199
2569,Estados Unidos Mexicanos,26  Sonora,20 000 a 49 999 hab.,40 a 44 años,5030,4623,2366,2257,407,171,236
2570,Estados Unidos Mexicanos,26  Sonora,20 000 a 49 999 hab.,45 a 49 años,4276,3910,2006,1904,366,156,210
2571,Estados Unidos Mexicanos,26  Sonora,20 000 a 49 999 hab.,50 a 54 años,3563,3168,1656,1512,395,169,226
2572,Estados Unidos Mexicanos,26  Sonora,20 000 a 49 999 hab.,55 a 59 años,2842,2478,1335,1143,364,152,212
2573,Estados Unidos Mexicanos,26  Sonora,20 000 a 49 999 hab.,60 a 64 años,2115,1809,910,899,306,133,173
2574,Estados Unidos Mexicanos,26  Sonora,20 000 a 49 999 hab.,65 y más años,4065,3219,1545,1674,846,319,527
2575,Estados Unidos Mexicanos,26  Sonora,50 000 a 99 999 hab.,Total,151487,143163,69295,73868,8324,3450,4874
2576,Estados Unidos Mexicanos,26  Sonora,50 000 a 99 999 hab.,15 a 19 años,31777,31256,15194,16062,521,269,252
2577,Estados Unidos Mexicanos,26  Sonora,50 000 a 99 999 hab.,20 a 24 años,25086,24568,11593,12975,518,239,279
2578,Estados Unidos Mexicanos,26  Sonora,50 000 a 99 999 hab.,25 a 29 años,19519,18955,8891,10064,564,251,313
2579,Estados Unidos Mexicanos,26  Sonora,50 000 a 99 999 hab.,30 a 34 años,15481,14879,7141,7738,602,260,342
2580,Estados Unidos Mexicanos,26  Sonora,50 000 a 99 999 hab.,35 a 39 años,13221,12500,6074,6426,721,293,428
2581,Estados Unidos Mexicanos,26  Sonora,50 000 a 99 999 hab.,40 a 44 años,11058,10235,5043,5192,823,339,484
2582,Estados Unidos Mexicanos,26  Sonora,50 000 a 99 999 hab.,45 a 49 años,9095,8338,4214,4124,757,319,438
2583,Estados Unidos Mexicanos,26  Sonora,50 000 a 99 999 hab.,50 a 54 años,7562,6812,3431,3381,750,297,453
2584,Estados Unidos Mexicanos,26  Sonora,50 000 a 99 999 hab.,55 a 59 años,6013,5307,2857,2450,706,294,412
2585,Estados Unidos Mexicanos,26  Sonora,50 000 a 99 999 hab.,60 a 64 años,4350,3747,1814,1933,603,244,359
2586,Estados Unidos Mexicanos,26  Sonora,50 000 a 99 999 hab.,65 y más años,8325,6566,3043,3523,1759,645,1114
2587,Estados Unidos Mexicanos,26  Sonora,100 000  y más hab.,Total,274591,261714,128119,133595,12877,5590,7287
2588,Estados Unidos Mexicanos,26  Sonora,100 000  y más hab.,15 a 19 años,56556,55871,27359,28512,685,346,339
2589,Estados Unidos Mexicanos,26  Sonora,100 000  y más hab.,20 a 24 años,49241,48502,23794,24708,739,308,431
2590,Estados Unidos Mexicanos,26  Sonora,100 000  y más hab.,25 a 29 años,36420,35705,17077,18628,715,307,408
2591,Estados Unidos Mexicanos,26  Sonora,100 000  y más hab.,30 a 34 años,28497,27617,13687,13930,880,381,499
2592,Estados Unidos Mexicanos,26  Sonora,100 000  y más hab.,35 a 39 años,23758,22606,11089,11517,1152,480,672
2593,Estados Unidos Mexicanos,26  Sonora,100 000  y más hab.,40 a 44 años,19437,18134,9036,9098,1303,562,741
2594,Estados Unidos Mexicanos,26  Sonora,100 000  y más hab.,45 a 49 años,15739,14515,7306,7209,1224,532,692
2595,Estados Unidos Mexicanos,26  Sonora,100 000  y más hab.,50 a 54 años,12881,11617,5928,5689,1264,576,688
2596,Estados Unidos Mexicanos,26  Sonora,100 000  y más hab.,55 a 59 años,10197,9033,4499,4534,1164,547,617
2597,Estados Unidos Mexicanos,26  Sonora,100 000  y más hab.,60 a 64 años,7616,6632,3185,3447,984,388,596
2598,Estados Unidos Mexicanos,26  Sonora,100 000  y más hab.,65 y más años,14249,11482,5159,6323,2767,1163,1604
2599,Estados Unidos Mexicanos,27  Tabasco,Total,Total,571791,468950,248289,220661,102841,40272,62569
2600,Estados Unidos Mexicanos,27  Tabasco,Total,15 a 19 años,124961,113548,56745,56803,11413,4980,6433
2601,Estados Unidos Mexicanos,27  Tabasco,Total,20 a 24 años,98443,87477,43545,43932,10966,4389,6577
2602,Estados Unidos Mexicanos,27  Tabasco,Total,25 a 29 años,77905,67660,34461,33199,10245,3843,6402
2603,Estados Unidos Mexicanos,27  Tabasco,Total,30 a 34 años,55386,46976,25220,21756,8410,3216,5194
2604,Estados Unidos Mexicanos,27  Tabasco,Total,35 a 39 años,52089,41718,22005,19713,10371,3775,6596
2605,Estados Unidos Mexicanos,27  Tabasco,Total,40 a 44 años,40264,31804,17813,13991,8460,3305,5155
2606,Estados Unidos Mexicanos,27  Tabasco,Total,45 a 49 años,33826,25601,14485,11116,8225,2989,5236
2607,Estados Unidos Mexicanos,27  Tabasco,Total,50 a 54 años,24497,17488,10573,6915,7009,2462,4547
2608,Estados Unidos Mexicanos,27  Tabasco,Total,55 a 59 años,17725,12304,7781,4523,5421,2045,3376
2609,Estados Unidos Mexicanos,27  Tabasco,Total,60 a 64 años,14233,8673,5610,3063,5560,2020,3540
2610,Estados Unidos Mexicanos,27  Tabasco,Total,65 y más años,32462,15701,10051,5650,16761,7248,9513
2611,Estados Unidos Mexicanos,27  Tabasco,1 a 2 499 hab.,Total,331727,254799,140656,114143,76928,31421,45507
2612,Estados Unidos Mexicanos,27  Tabasco,1 a 2 499 hab.,15 a 19 años,75405,66043,34010,32033,9362,4155,5207
2613,Estados Unidos Mexicanos,27  Tabasco,1 a 2 499 hab.,20 a 24 años,56244,47706,24588,23118,8538,3505,5033
2614,Estados Unidos Mexicanos,27  Tabasco,1 a 2 499 hab.,25 a 29 años,44115,36267,19052,17215,7848,2992,4856
2615,Estados Unidos Mexicanos,27  Tabasco,1 a 2 499 hab.,30 a 34 años,30685,24298,13492,10806,6387,2547,3840
2616,Estados Unidos Mexicanos,27  Tabasco,1 a 2 499 hab.,35 a 39 años,30650,22751,12449,10302,7899,2967,4932
2617,Estados Unidos Mexicanos,27  Tabasco,1 a 2 499 hab.,40 a 44 años,22632,16554,9710,6844,6078,2491,3587
2618,Estados Unidos Mexicanos,27  Tabasco,1 a 2 499 hab.,45 a 49 años,19589,13556,8050,5506,6033,2275,3758
2619,Estados Unidos Mexicanos,27  Tabasco,1 a 2 499 hab.,50 a 54 años,14126,9063,5960,3103,5063,1833,3230
2620,Estados Unidos Mexicanos,27  Tabasco,1 a 2 499 hab.,55 a 59 años,10371,6369,4423,1946,4002,1569,2433
2621,Estados Unidos Mexicanos,27  Tabasco,1 a 2 499 hab.,60 a 64 años,8489,4507,3251,1256,3982,1506,2476
2622,Estados Unidos Mexicanos,27  Tabasco,1 a 2 499 hab.,65 y más años,19421,7685,5671,2014,11736,5581,6155
2623,Estados Unidos Mexicanos,27  Tabasco,2 500 a 4 999 hab.,Total,35635,30113,15741,14372,5522,2093,3429
2624,Estados Unidos Mexicanos,27  Tabasco,2 500 a 4 999 hab.,15 a 19 años,7907,7418,3661,3757,489,213,276
2625,Estados Unidos Mexicanos,27  Tabasco,2 500 a 4 999 hab.,20 a 24 años,5932,5404,2645,2759,528,207,321
2626,Estados Unidos Mexicanos,27  Tabasco,2 500 a 4 999 hab.,25 a 29 años,4574,4068,2091,1977,506,190,316
2627,Estados Unidos Mexicanos,27  Tabasco,2 500 a 4 999 hab.,30 a 34 años,3427,2973,1550,1423,454,156,298
2628,Estados Unidos Mexicanos,27  Tabasco,2 500 a 4 999 hab.,35 a 39 años,3264,2714,1302,1412,550,193,357
2629,Estados Unidos Mexicanos,27  Tabasco,2 500 a 4 999 hab.,40 a 44 años,2654,2159,1219,940,495,196,299
2630,Estados Unidos Mexicanos,27  Tabasco,2 500 a 4 999 hab.,45 a 49 años,2167,1708,979,729,459,166,293
2631,Estados Unidos Mexicanos,27  Tabasco,2 500 a 4 999 hab.,50 a 54 años,1573,1159,694,465,414,142,272
2632,Estados Unidos Mexicanos,27  Tabasco,2 500 a 4 999 hab.,55 a 59 años,1194,885,567,318,309,114,195
2633,Estados Unidos Mexicanos,27  Tabasco,2 500 a 4 999 hab.,60 a 64 años,919,582,385,197,337,126,211
2634,Estados Unidos Mexicanos,27  Tabasco,2 500 a 4 999 hab.,65 y más años,2024,1043,648,395,981,390,591
2635,Estados Unidos Mexicanos,27  Tabasco,5 000 a 9 999 hab.,Total,25171,21729,11245,10484,3442,1196,2246
2636,Estados Unidos Mexicanos,27  Tabasco,5 000 a 9 999 hab.,15 a 19 años,5198,4929,2459,2470,269,108,161
2637,Estados Unidos Mexicanos,27  Tabasco,5 000 a 9 999 hab.,20 a 24 años,4278,3986,1897,2089,292,117,175
2638,Estados Unidos Mexicanos,27  Tabasco,5 000 a 9 999 hab.,25 a 29 años,3472,3147,1588,1559,325,92,233
2639,Estados Unidos Mexicanos,27  Tabasco,5 000 a 9 999 hab.,30 a 34 años,2427,2163,1118,1045,264,94,170
2640,Estados Unidos Mexicanos,27  Tabasco,5 000 a 9 999 hab.,35 a 39 años,2302,1959,1018,941,343,102,241
2641,Estados Unidos Mexicanos,27  Tabasco,5 000 a 9 999 hab.,40 a 44 años,1849,1490,825,665,359,130,229
2642,Estados Unidos Mexicanos,27  Tabasco,5 000 a 9 999 hab.,45 a 49 años,1533,1236,687,549,297,94,203
2643,Estados Unidos Mexicanos,27  Tabasco,5 000 a 9 999 hab.,50 a 54 años,1175,915,520,395,260,92,168
2644,Estados Unidos Mexicanos,27  Tabasco,5 000 a 9 999 hab.,55 a 59 años,775,587,357,230,188,78,110
2645,Estados Unidos Mexicanos,27  Tabasco,5 000 a 9 999 hab.,60 a 64 años,639,433,267,166,206,69,137
2646,Estados Unidos Mexicanos,27  Tabasco,5 000 a 9 999 hab.,65 y más años,1523,884,509,375,639,220,419
2647,Estados Unidos Mexicanos,27  Tabasco,10 000 a 14 999 hab.,Total,28112,24380,12245,12135,3732,1278,2454
2648,Estados Unidos Mexicanos,27  Tabasco,10 000 a 14 999 hab.,15 a 19 años,5621,5361,2594,2767,260,121,139
2649,Estados Unidos Mexicanos,27  Tabasco,10 000 a 14 999 hab.,20 a 24 años,4614,4290,1992,2298,324,102,222
2650,Estados Unidos Mexicanos,27  Tabasco,10 000 a 14 999 hab.,25 a 29 años,3787,3471,1670,1801,316,106,210
2651,Estados Unidos Mexicanos,27  Tabasco,10 000 a 14 999 hab.,30 a 34 años,2745,2463,1282,1181,282,95,187
2652,Estados Unidos Mexicanos,27  Tabasco,10 000 a 14 999 hab.,35 a 39 años,2555,2175,1112,1063,380,125,255
2653,Estados Unidos Mexicanos,27  Tabasco,10 000 a 14 999 hab.,40 a 44 años,2088,1734,900,834,354,109,245
2654,Estados Unidos Mexicanos,27  Tabasco,10 000 a 14 999 hab.,45 a 49 años,1767,1460,725,735,307,89,218
2655,Estados Unidos Mexicanos,27  Tabasco,10 000 a 14 999 hab.,50 a 54 años,1266,980,553,427,286,95,191
2656,Estados Unidos Mexicanos,27  Tabasco,10 000 a 14 999 hab.,55 a 59 años,971,775,443,332,196,69,127
2657,Estados Unidos Mexicanos,27  Tabasco,10 000 a 14 999 hab.,60 a 64 años,853,580,346,234,273,94,179
2658,Estados Unidos Mexicanos,27  Tabasco,10 000 a 14 999 hab.,65 y más años,1845,1091,628,463,754,273,481
2659,Estados Unidos Mexicanos,27  Tabasco,15 000 a 19 999 hab.,Total,18637,16495,8422,8073,2142,665,1477
2660,Estados Unidos Mexicanos,27  Tabasco,15 000 a 19 999 hab.,15 a 19 años,4077,3912,1957,1955,165,58,107
2661,Estados Unidos Mexicanos,27  Tabasco,15 000 a 19 999 hab.,20 a 24 años,3105,2925,1425,1500,180,52,128
2662,Estados Unidos Mexicanos,27  Tabasco,15 000 a 19 999 hab.,25 a 29 años,2453,2227,1062,1165,226,71,155
2663,Estados Unidos Mexicanos,27  Tabasco,15 000 a 19 999 hab.,30 a 34 años,1873,1714,835,879,159,45,114
2664,Estados Unidos Mexicanos,27  Tabasco,15 000 a 19 999 hab.,35 a 39 años,1671,1473,760,713,198,63,135
2665,Estados Unidos Mexicanos,27  Tabasco,15 000 a 19 999 hab.,40 a 44 años,1341,1141,620,521,200,56,144
2666,Estados Unidos Mexicanos,27  Tabasco,15 000 a 19 999 hab.,45 a 49 años,1114,928,498,430,186,68,118
2667,Estados Unidos Mexicanos,27  Tabasco,15 000 a 19 999 hab.,50 a 54 años,838,665,351,314,173,52,121
2668,Estados Unidos Mexicanos,27  Tabasco,15 000 a 19 999 hab.,55 a 59 años,622,516,297,219,106,39,67
2669,Estados Unidos Mexicanos,27  Tabasco,15 000 a 19 999 hab.,60 a 64 años,493,338,218,120,155,37,118
2670,Estados Unidos Mexicanos,27  Tabasco,15 000 a 19 999 hab.,65 y más años,1050,656,399,257,394,124,270
2671,Estados Unidos Mexicanos,27  Tabasco,20 000 a 49 999 hab.,Total,33797,30639,15481,15158,3158,1110,2048
2672,Estados Unidos Mexicanos,27  Tabasco,20 000 a 49 999 hab.,15 a 19 años,6878,6587,3126,3461,291,116,175
2673,Estados Unidos Mexicanos,27  Tabasco,20 000 a 49 999 hab.,20 a 24 años,6246,5877,2831,3046,369,141,228
2674,Estados Unidos Mexicanos,27  Tabasco,20 000 a 49 999 hab.,25 a 29 años,5075,4712,2266,2446,363,149,214
2675,Estados Unidos Mexicanos,27  Tabasco,20 000 a 49 999 hab.,30 a 34 años,3747,3483,1815,1668,264,98,166
2676,Estados Unidos Mexicanos,27  Tabasco,20 000 a 49 999 hab.,35 a 39 años,3151,2838,1472,1366,313,104,209
2677,Estados Unidos Mexicanos,27  Tabasco,20 000 a 49 999 hab.,40 a 44 años,2599,2315,1288,1027,284,96,188
2678,Estados Unidos Mexicanos,27  Tabasco,20 000 a 49 999 hab.,45 a 49 años,1877,1616,875,741,261,81,180
2679,Estados Unidos Mexicanos,27  Tabasco,20 000 a 49 999 hab.,50 a 54 años,1286,1082,632,450,204,73,131
2680,Estados Unidos Mexicanos,27  Tabasco,20 000 a 49 999 hab.,55 a 59 años,867,706,420,286,161,47,114
2681,Estados Unidos Mexicanos,27  Tabasco,20 000 a 49 999 hab.,60 a 64 años,659,513,284,229,146,47,99
2682,Estados Unidos Mexicanos,27  Tabasco,20 000 a 49 999 hab.,65 y más años,1412,910,472,438,502,158,344
2683,Estados Unidos Mexicanos,27  Tabasco,50 000 a 99 999 hab.,Total,0,0,0,0,0,0,0
2684,Estados Unidos Mexicanos,27  Tabasco,100 000  y más hab.,Total,98712,90795,44499,46296,7917,2509,5408
2685,Estados Unidos Mexicanos,27  Tabasco,100 000  y más hab.,15 a 19 años,19875,19298,8938,10360,577,209,368
2686,Estados Unidos Mexicanos,27  Tabasco,100 000  y más hab.,20 a 24 años,18024,17289,8167,9122,735,265,470
2687,Estados Unidos Mexicanos,27  Tabasco,100 000  y más hab.,25 a 29 años,14429,13768,6732,7036,661,243,418
2688,Estados Unidos Mexicanos,27  Tabasco,100 000  y más hab.,30 a 34 años,10482,9882,5128,4754,600,181,419
2689,Estados Unidos Mexicanos,27  Tabasco,100 000  y más hab.,35 a 39 años,8496,7808,3892,3916,688,221,467
2690,Estados Unidos Mexicanos,27  Tabasco,100 000  y más hab.,40 a 44 años,7101,6411,3251,3160,690,227,463
2691,Estados Unidos Mexicanos,27  Tabasco,100 000  y más hab.,45 a 49 años,5779,5097,2671,2426,682,216,466
2692,Estados Unidos Mexicanos,27  Tabasco,100 000  y más hab.,50 a 54 años,4233,3624,1863,1761,609,175,434
2693,Estados Unidos Mexicanos,27  Tabasco,100 000  y más hab.,55 a 59 años,2925,2466,1274,1192,459,129,330
2694,Estados Unidos Mexicanos,27  Tabasco,100 000  y más hab.,60 a 64 años,2181,1720,859,861,461,141,320
2695,Estados Unidos Mexicanos,27  Tabasco,100 000  y más hab.,65 y más años,5187,3432,1724,1708,1755,502,1253
2696,Estados Unidos Mexicanos,28  Tamaulipas,Total,Total,1119468,1010799,500726,510073,108669,43711,64958
2697,Estados Unidos Mexicanos,28  Tamaulipas,Total,15 a 19 años,225100,218364,107058,111306,6736,3389,3347
2698,Estados Unidos Mexicanos,28  Tamaulipas,Total,20 a 24 años,177528,170469,82098,88371,7059,3007,4052
2699,Estados Unidos Mexicanos,28  Tamaulipas,Total,25 a 29 años,133626,126357,60757,65600,7269,2967,4302
2700,Estados Unidos Mexicanos,28  Tamaulipas,Total,30 a 34 años,111646,103712,50555,53157,7934,3135,4799
2701,Estados Unidos Mexicanos,28  Tamaulipas,Total,35 a 39 años,99751,90141,44546,45595,9610,3721,5889
2702,Estados Unidos Mexicanos,28  Tamaulipas,Total,40 a 44 años,85733,75689,37999,37690,10044,3983,6061
2703,Estados Unidos Mexicanos,28  Tamaulipas,Total,45 a 49 años,72136,61977,31475,30502,10159,3948,6211
2704,Estados Unidos Mexicanos,28  Tamaulipas,Total,50 a 54 años,58785,49388,25618,23770,9397,3617,5780
2705,Estados Unidos Mexicanos,28  Tamaulipas,Total,55 a 59 años,46082,38005,19993,18012,8077,3274,4803
2706,Estados Unidos Mexicanos,28  Tamaulipas,Total,60 a 64 años,31391,24544,12665,11879,6847,2589,4258
2707,Estados Unidos Mexicanos,28  Tamaulipas,Total,65 y más años,77690,52153,27962,24191,25537,10081,15456
2708,Estados Unidos Mexicanos,28  Tamaulipas,1 a 2 499 hab.,Total,257674,213281,115947,97334,44393,20531,23862
2709,Estados Unidos Mexicanos,28  Tamaulipas,1 a 2 499 hab.,15 a 19 años,51128,47952,25137,22815,3176,1757,1419
2710,Estados Unidos Mexicanos,28  Tamaulipas,1 a 2 499 hab.,20 a 24 años,36705,33837,17671,16166,2868,1369,1499
2711,Estados Unidos Mexicanos,28  Tamaulipas,1 a 2 499 hab.,25 a 29 años,27396,24444,12543,11901,2952,1308,1644
2712,Estados Unidos Mexicanos,28  Tamaulipas,1 a 2 499 hab.,30 a 34 años,24435,21192,11193,9999,3243,1395,1848
2713,Estados Unidos Mexicanos,28  Tamaulipas,1 a 2 499 hab.,35 a 39 años,23677,19717,10454,9263,3960,1723,2237
2714,Estados Unidos Mexicanos,28  Tamaulipas,1 a 2 499 hab.,40 a 44 años,20824,16758,9232,7526,4066,1809,2257
2715,Estados Unidos Mexicanos,28  Tamaulipas,1 a 2 499 hab.,45 a 49 años,17761,13580,7718,5862,4181,1817,2364
2716,Estados Unidos Mexicanos,28  Tamaulipas,1 a 2 499 hab.,50 a 54 años,14312,10523,6185,4338,3789,1722,2067
2717,Estados Unidos Mexicanos,28  Tamaulipas,1 a 2 499 hab.,55 a 59 años,11675,8470,5102,3368,3205,1500,1705
2718,Estados Unidos Mexicanos,28  Tamaulipas,1 a 2 499 hab.,60 a 64 años,8037,5289,3101,2188,2748,1228,1520
2719,Estados Unidos Mexicanos,28  Tamaulipas,1 a 2 499 hab.,65 y más años,21724,11519,7611,3908,10205,4903,5302
2720,Estados Unidos Mexicanos,28  Tamaulipas,2 500 a 4 999 hab.,Total,32224,28207,14405,13802,4017,1756,2261
2721,Estados Unidos Mexicanos,28  Tamaulipas,2 500 a 4 999 hab.,15 a 19 años,6631,6384,3276,3108,247,124,123
2722,Estados Unidos Mexicanos,28  Tamaulipas,2 500 a 4 999 hab.,20 a 24 años,4404,4158,2031,2127,246,105,141
2723,Estados Unidos Mexicanos,28  Tamaulipas,2 500 a 4 999 hab.,25 a 29 años,3470,3210,1545,1665,260,111,149
2724,Estados Unidos Mexicanos,28  Tamaulipas,2 500 a 4 999 hab.,30 a 34 años,3142,2815,1357,1458,327,157,170
2725,Estados Unidos Mexicanos,28  Tamaulipas,2 500 a 4 999 hab.,35 a 39 años,3023,2612,1260,1352,411,150,261
2726,Estados Unidos Mexicanos,28  Tamaulipas,2 500 a 4 999 hab.,40 a 44 años,2671,2277,1188,1089,394,149,245
2727,Estados Unidos Mexicanos,28  Tamaulipas,2 500 a 4 999 hab.,45 a 49 años,2369,1945,1050,895,424,189,235
2728,Estados Unidos Mexicanos,28  Tamaulipas,2 500 a 4 999 hab.,50 a 54 años,1669,1385,779,606,284,126,158
2729,Estados Unidos Mexicanos,28  Tamaulipas,2 500 a 4 999 hab.,55 a 59 años,1323,1047,579,468,276,122,154
2730,Estados Unidos Mexicanos,28  Tamaulipas,2 500 a 4 999 hab.,60 a 64 años,945,701,362,339,244,99,145
2731,Estados Unidos Mexicanos,28  Tamaulipas,2 500 a 4 999 hab.,65 y más años,2577,1673,978,695,904,424,480
2732,Estados Unidos Mexicanos,28  Tamaulipas,5 000 a 9 999 hab.,Total,32898,29290,14763,14527,3608,1433,2175
2733,Estados Unidos Mexicanos,28  Tamaulipas,5 000 a 9 999 hab.,15 a 19 años,6605,6400,3159,3241,205,111,94
2734,Estados Unidos Mexicanos,28  Tamaulipas,5 000 a 9 999 hab.,20 a 24 años,4826,4618,2292,2326,208,82,126
2735,Estados Unidos Mexicanos,28  Tamaulipas,5 000 a 9 999 hab.,25 a 29 años,3699,3461,1706,1755,238,95,143
2736,Estados Unidos Mexicanos,28  Tamaulipas,5 000 a 9 999 hab.,30 a 34 años,3061,2824,1317,1507,237,100,137
2737,Estados Unidos Mexicanos,28  Tamaulipas,5 000 a 9 999 hab.,35 a 39 años,2970,2660,1345,1315,310,124,186
2738,Estados Unidos Mexicanos,28  Tamaulipas,5 000 a 9 999 hab.,40 a 44 años,2627,2298,1137,1161,329,117,212
2739,Estados Unidos Mexicanos,28  Tamaulipas,5 000 a 9 999 hab.,45 a 49 años,2223,1885,997,888,338,134,204
2740,Estados Unidos Mexicanos,28  Tamaulipas,5 000 a 9 999 hab.,50 a 54 años,1799,1493,834,659,306,114,192
2741,Estados Unidos Mexicanos,28  Tamaulipas,5 000 a 9 999 hab.,55 a 59 años,1394,1160,635,525,234,83,151
2742,Estados Unidos Mexicanos,28  Tamaulipas,5 000 a 9 999 hab.,60 a 64 años,991,759,397,362,232,85,147
2743,Estados Unidos Mexicanos,28  Tamaulipas,5 000 a 9 999 hab.,65 y más años,2703,1732,944,788,971,388,583
2744,Estados Unidos Mexicanos,28  Tamaulipas,10 000 a 14 999 hab.,Total,28193,25275,12457,12818,2918,1179,1739
2745,Estados Unidos Mexicanos,28  Tamaulipas,10 000 a 14 999 hab.,15 a 19 años,5558,5364,2631,2733,194,102,92
2746,Estados Unidos Mexicanos,28  Tamaulipas,10 000 a 14 999 hab.,20 a 24 años,4393,4220,1888,2332,173,60,113
2747,Estados Unidos Mexicanos,28  Tamaulipas,10 000 a 14 999 hab.,25 a 29 años,3257,3040,1480,1560,217,98,119
2748,Estados Unidos Mexicanos,28  Tamaulipas,10 000 a 14 999 hab.,30 a 34 años,2745,2548,1220,1328,197,71,126
2749,Estados Unidos Mexicanos,28  Tamaulipas,10 000 a 14 999 hab.,35 a 39 años,2675,2372,1154,1218,303,117,186
2750,Estados Unidos Mexicanos,28  Tamaulipas,10 000 a 14 999 hab.,40 a 44 años,2319,2022,1019,1003,297,121,176
2751,Estados Unidos Mexicanos,28  Tamaulipas,10 000 a 14 999 hab.,45 a 49 años,1863,1602,823,779,261,108,153
2752,Estados Unidos Mexicanos,28  Tamaulipas,10 000 a 14 999 hab.,50 a 54 años,1502,1235,654,581,267,99,168
2753,Estados Unidos Mexicanos,28  Tamaulipas,10 000 a 14 999 hab.,55 a 59 años,1114,888,502,386,226,93,133
2754,Estados Unidos Mexicanos,28  Tamaulipas,10 000 a 14 999 hab.,60 a 64 años,857,692,384,308,165,63,102
2755,Estados Unidos Mexicanos,28  Tamaulipas,10 000 a 14 999 hab.,65 y más años,1910,1292,702,590,618,247,371
2756,Estados Unidos Mexicanos,28  Tamaulipas,15 000 a 19 999 hab.,Total,0,0,0,0,0,0,0
2757,Estados Unidos Mexicanos,28  Tamaulipas,20 000 a 49 999 hab.,Total,15820,14553,7170,7383,1267,472,795
2758,Estados Unidos Mexicanos,28  Tamaulipas,20 000 a 49 999 hab.,15 a 19 años,3281,3213,1584,1629,68,34,34
2759,Estados Unidos Mexicanos,28  Tamaulipas,20 000 a 49 999 hab.,20 a 24 años,2447,2389,1101,1288,58,22,36
2760,Estados Unidos Mexicanos,28  Tamaulipas,20 000 a 49 999 hab.,25 a 29 años,1810,1744,835,909,66,28,38
2761,Estados Unidos Mexicanos,28  Tamaulipas,20 000 a 49 999 hab.,30 a 34 años,1647,1581,755,826,66,21,45
2762,Estados Unidos Mexicanos,28  Tamaulipas,20 000 a 49 999 hab.,35 a 39 años,1453,1358,654,704,95,34,61
2763,Estados Unidos Mexicanos,28  Tamaulipas,20 000 a 49 999 hab.,40 a 44 años,1256,1138,554,584,118,51,67
2764,Estados Unidos Mexicanos,28  Tamaulipas,20 000 a 49 999 hab.,45 a 49 años,984,838,460,378,146,49,97
2765,Estados Unidos Mexicanos,28  Tamaulipas,20 000 a 49 999 hab.,50 a 54 años,822,703,362,341,119,34,85
2766,Estados Unidos Mexicanos,28  Tamaulipas,20 000 a 49 999 hab.,55 a 59 años,592,492,261,231,100,26,74
2767,Estados Unidos Mexicanos,28  Tamaulipas,20 000 a 49 999 hab.,60 a 64 años,448,361,194,167,87,36,51
2768,Estados Unidos Mexicanos,28  Tamaulipas,20 000 a 49 999 hab.,65 y más años,1080,736,410,326,344,137,207
2769,Estados Unidos Mexicanos,28  Tamaulipas,50 000 a 99 999 hab.,Total,72551,65427,32294,33133,7124,2717,4407
2770,Estados Unidos Mexicanos,28  Tamaulipas,50 000 a 99 999 hab.,15 a 19 años,15135,14774,7202,7572,361,167,194
2771,Estados Unidos Mexicanos,28  Tamaulipas,50 000 a 99 999 hab.,20 a 24 años,11675,11240,5348,5892,435,163,272
2772,Estados Unidos Mexicanos,28  Tamaulipas,50 000 a 99 999 hab.,25 a 29 años,8716,8239,3880,4359,477,176,301
2773,Estados Unidos Mexicanos,28  Tamaulipas,50 000 a 99 999 hab.,30 a 34 años,7347,6800,3281,3519,547,211,336
2774,Estados Unidos Mexicanos,28  Tamaulipas,50 000 a 99 999 hab.,35 a 39 años,6541,5847,2866,2981,694,251,443
2775,Estados Unidos Mexicanos,28  Tamaulipas,50 000 a 99 999 hab.,40 a 44 años,5584,4881,2421,2460,703,278,425
2776,Estados Unidos Mexicanos,28  Tamaulipas,50 000 a 99 999 hab.,45 a 49 años,4726,4031,2070,1961,695,257,438
2777,Estados Unidos Mexicanos,28  Tamaulipas,50 000 a 99 999 hab.,50 a 54 años,3672,2978,1563,1415,694,255,439
2778,Estados Unidos Mexicanos,28  Tamaulipas,50 000 a 99 999 hab.,55 a 59 años,2902,2340,1281,1059,562,231,331
2779,Estados Unidos Mexicanos,28  Tamaulipas,50 000 a 99 999 hab.,60 a 64 años,1919,1455,781,674,464,174,290
2780,Estados Unidos Mexicanos,28  Tamaulipas,50 000 a 99 999 hab.,65 y más años,4334,2842,1601,1241,1492,554,938
2781,Estados Unidos Mexicanos,28  Tamaulipas,100 000  y más hab.,Total,680108,634766,303690,331076,45342,15623,29719
2782,Estados Unidos Mexicanos,28  Tamaulipas,100 000  y más hab.,15 a 19 años,136762,134277,64069,70208,2485,1094,1391
2783,Estados Unidos Mexicanos,28  Tamaulipas,100 000  y más hab.,20 a 24 años,113078,110007,51767,58240,3071,1206,1865
2784,Estados Unidos Mexicanos,28  Tamaulipas,100 000  y más hab.,25 a 29 años,85278,82219,38768,43451,3059,1151,1908
2785,Estados Unidos Mexicanos,28  Tamaulipas,100 000  y más hab.,30 a 34 años,69269,65952,31432,34520,3317,1180,2137
2786,Estados Unidos Mexicanos,28  Tamaulipas,100 000  y más hab.,35 a 39 años,59412,55575,26813,28762,3837,1322,2515
2787,Estados Unidos Mexicanos,28  Tamaulipas,100 000  y más hab.,40 a 44 años,50452,46315,22448,23867,4137,1458,2679
2788,Estados Unidos Mexicanos,28  Tamaulipas,100 000  y más hab.,45 a 49 años,42210,38096,18357,19739,4114,1394,2720
2789,Estados Unidos Mexicanos,28  Tamaulipas,100 000  y más hab.,50 a 54 años,35009,31071,15241,15830,3938,1267,2671
2790,Estados Unidos Mexicanos,28  Tamaulipas,100 000  y más hab.,55 a 59 años,27082,23608,11633,11975,3474,1219,2255
2791,Estados Unidos Mexicanos,28  Tamaulipas,100 000  y más hab.,60 a 64 años,18194,15287,7446,7841,2907,904,2003
2792,Estados Unidos Mexicanos,28  Tamaulipas,100 000  y más hab.,65 y más años,43362,32359,15716,16643,11003,3428,7575
2793,Estados Unidos Mexicanos,29  Tlaxcala,Total,Total,306107,254752,133647,121105,51355,17966,33389
2794,Estados Unidos Mexicanos,29  Tlaxcala,Total,15 a 19 años,63319,60537,30477,30060,2782,1199,1583
2795,Estados Unidos Mexicanos,29  Tlaxcala,Total,20 a 24 años,47671,44418,21943,22475,3253,1281,1972
2796,Estados Unidos Mexicanos,29  Tlaxcala,Total,25 a 29 años,34859,31705,15845,15860,3154,1178,1976
2797,Estados Unidos Mexicanos,29  Tlaxcala,Total,30 a 34 años,28233,24671,12878,11793,3562,1271,2291
2798,Estados Unidos Mexicanos,29  Tlaxcala,Total,35 a 39 años,25675,21138,11002,10136,4537,1515,3022
2799,Estados Unidos Mexicanos,29  Tlaxcala,Total,40 a 44 años,21706,17069,9170,7899,4637,1506,3131
2800,Estados Unidos Mexicanos,29  Tlaxcala,Total,45 a 49 años,19506,14554,7959,6595,4952,1607,3345
2801,Estados Unidos Mexicanos,29  Tlaxcala,Total,50 a 54 años,15864,11209,6448,4761,4655,1531,3124
2802,Estados Unidos Mexicanos,29  Tlaxcala,Total,55 a 59 años,13621,9185,5401,3784,4436,1468,2968
2803,Estados Unidos Mexicanos,29  Tlaxcala,Total,60 a 64 años,9925,6237,3795,2442,3688,1218,2470
2804,Estados Unidos Mexicanos,29  Tlaxcala,Total,65 y más años,25728,14029,8729,5300,11699,4192,7507
2805,Estados Unidos Mexicanos,29  Tlaxcala,1 a 2 499 hab.,Total,127335,103549,56059,47490,23786,8718,15068
2806,Estados Unidos Mexicanos,29  Tlaxcala,1 a 2 499 hab.,15 a 19 años,26221,24873,12969,11904,1348,615,733
2807,Estados Unidos Mexicanos,29  Tlaxcala,1 a 2 499 hab.,20 a 24 años,19202,17648,9025,8623,1554,592,962
2808,Estados Unidos Mexicanos,29  Tlaxcala,1 a 2 499 hab.,25 a 29 años,13967,12456,6307,6149,1511,600,911
2809,Estados Unidos Mexicanos,29  Tlaxcala,1 a 2 499 hab.,30 a 34 años,11475,9808,5184,4624,1667,629,1038
2810,Estados Unidos Mexicanos,29  Tlaxcala,1 a 2 499 hab.,35 a 39 años,10550,8509,4553,3956,2041,734,1307
2811,Estados Unidos Mexicanos,29  Tlaxcala,1 a 2 499 hab.,40 a 44 años,9065,6973,3845,3128,2092,747,1345
2812,Estados Unidos Mexicanos,29  Tlaxcala,1 a 2 499 hab.,45 a 49 años,8309,6096,3400,2696,2213,778,1435
2813,Estados Unidos Mexicanos,29  Tlaxcala,1 a 2 499 hab.,50 a 54 años,6753,4612,2754,1858,2141,724,1417
2814,Estados Unidos Mexicanos,29  Tlaxcala,1 a 2 499 hab.,55 a 59 años,5942,3930,2405,1525,2012,694,1318
2815,Estados Unidos Mexicanos,29  Tlaxcala,1 a 2 499 hab.,60 a 64 años,4378,2684,1687,997,1694,591,1103
2816,Estados Unidos Mexicanos,29  Tlaxcala,1 a 2 499 hab.,65 y más años,11473,5960,3930,2030,5513,2014,3499
2817,Estados Unidos Mexicanos,29  Tlaxcala,2 500 a 4 999 hab.,Total,50635,43386,22271,21115,7249,2610,4639
2818,Estados Unidos Mexicanos,29  Tlaxcala,2 500 a 4 999 hab.,15 a 19 años,10854,10445,5035,5410,409,186,223
2819,Estados Unidos Mexicanos,29  Tlaxcala,2 500 a 4 999 hab.,20 a 24 años,7589,7177,3545,3632,412,179,233
2820,Estados Unidos Mexicanos,29  Tlaxcala,2 500 a 4 999 hab.,25 a 29 años,5361,4997,2460,2537,364,114,250
2821,Estados Unidos Mexicanos,29  Tlaxcala,2 500 a 4 999 hab.,30 a 34 años,4404,4014,2040,1974,390,136,254
2822,Estados Unidos Mexicanos,29  Tlaxcala,2 500 a 4 999 hab.,35 a 39 años,4177,3590,1816,1774,587,196,391
2823,Estados Unidos Mexicanos,29  Tlaxcala,2 500 a 4 999 hab.,40 a 44 años,3556,2932,1533,1399,624,215,409
2824,Estados Unidos Mexicanos,29  Tlaxcala,2 500 a 4 999 hab.,45 a 49 años,3149,2506,1345,1161,643,220,423
2825,Estados Unidos Mexicanos,29  Tlaxcala,2 500 a 4 999 hab.,50 a 54 años,2685,1998,1076,922,687,242,445
2826,Estados Unidos Mexicanos,29  Tlaxcala,2 500 a 4 999 hab.,55 a 59 años,2298,1666,955,711,632,213,419
2827,Estados Unidos Mexicanos,29  Tlaxcala,2 500 a 4 999 hab.,60 a 64 años,1720,1156,698,458,564,180,384
2828,Estados Unidos Mexicanos,29  Tlaxcala,2 500 a 4 999 hab.,65 y más años,4842,2905,1768,1137,1937,729,1208
2829,Estados Unidos Mexicanos,29  Tlaxcala,5 000 a 9 999 hab.,Total,39150,30538,16396,14142,8612,2866,5746
2830,Estados Unidos Mexicanos,29  Tlaxcala,5 000 a 9 999 hab.,15 a 19 años,7969,7519,3847,3672,450,179,271
2831,Estados Unidos Mexicanos,29  Tlaxcala,5 000 a 9 999 hab.,20 a 24 años,6085,5532,2719,2813,553,224,329
2832,Estados Unidos Mexicanos,29  Tlaxcala,5 000 a 9 999 hab.,25 a 29 años,4360,3832,1921,1911,528,193,335
2833,Estados Unidos Mexicanos,29  Tlaxcala,5 000 a 9 999 hab.,30 a 34 años,3514,2903,1570,1333,611,217,394
2834,Estados Unidos Mexicanos,29  Tlaxcala,5 000 a 9 999 hab.,35 a 39 años,3327,2592,1367,1225,735,216,519
2835,Estados Unidos Mexicanos,29  Tlaxcala,5 000 a 9 999 hab.,40 a 44 años,2840,2043,1160,883,797,206,591
2836,Estados Unidos Mexicanos,29  Tlaxcala,5 000 a 9 999 hab.,45 a 49 años,2576,1707,989,718,869,244,625
2837,Estados Unidos Mexicanos,29  Tlaxcala,5 000 a 9 999 hab.,50 a 54 años,2116,1301,809,492,815,270,545
2838,Estados Unidos Mexicanos,29  Tlaxcala,5 000 a 9 999 hab.,55 a 59 años,1853,1041,629,412,812,272,540
2839,Estados Unidos Mexicanos,29  Tlaxcala,5 000 a 9 999 hab.,60 a 64 años,1264,633,411,222,631,197,434
2840,Estados Unidos Mexicanos,29  Tlaxcala,5 000 a 9 999 hab.,65 y más años,3246,1435,974,461,1811,648,1163
2841,Estados Unidos Mexicanos,29  Tlaxcala,10 000 a 14 999 hab.,Total,14023,12313,6235,6078,1710,491,1219
2842,Estados Unidos Mexicanos,29  Tlaxcala,10 000 a 14 999 hab.,15 a 19 años,2815,2779,1346,1433,36,13,23
2843,Estados Unidos Mexicanos,29  Tlaxcala,10 000 a 14 999 hab.,20 a 24 años,2260,2196,1071,1125,64,21,43
2844,Estados Unidos Mexicanos,29  Tlaxcala,10 000 a 14 999 hab.,25 a 29 años,1740,1674,822,852,66,22,44
2845,Estados Unidos Mexicanos,29  Tlaxcala,10 000 a 14 999 hab.,30 a 34 años,1326,1210,621,589,116,30,86
2846,Estados Unidos Mexicanos,29  Tlaxcala,10 000 a 14 999 hab.,35 a 39 años,1211,1055,530,525,156,40,116
2847,Estados Unidos Mexicanos,29  Tlaxcala,10 000 a 14 999 hab.,40 a 44 años,1018,845,433,412,173,50,123
2848,Estados Unidos Mexicanos,29  Tlaxcala,10 000 a 14 999 hab.,45 a 49 años,911,706,358,348,205,71,134
2849,Estados Unidos Mexicanos,29  Tlaxcala,10 000 a 14 999 hab.,50 a 54 años,742,563,299,264,179,49,130
2850,Estados Unidos Mexicanos,29  Tlaxcala,10 000 a 14 999 hab.,55 a 59 años,536,384,224,160,152,41,111
2851,Estados Unidos Mexicanos,29  Tlaxcala,10 000 a 14 999 hab.,60 a 64 años,441,293,177,116,148,39,109
2852,Estados Unidos Mexicanos,29  Tlaxcala,10 000 a 14 999 hab.,65 y más años,1023,608,354,254,415,115,300
2853,Estados Unidos Mexicanos,29  Tlaxcala,15 000 a 19 999 hab.,Total,30441,27102,13430,13672,3339,1077,2262
2854,Estados Unidos Mexicanos,29  Tlaxcala,15 000 a 19 999 hab.,15 a 19 años,6259,6086,2914,3172,173,79,94
2855,Estados Unidos Mexicanos,29  Tlaxcala,15 000 a 19 999 hab.,20 a 24 años,5100,4917,2289,2628,183,80,103
2856,Estados Unidos Mexicanos,29  Tlaxcala,15 000 a 19 999 hab.,25 a 29 años,3868,3652,1783,1869,216,77,139
2857,Estados Unidos Mexicanos,29  Tlaxcala,15 000 a 19 999 hab.,30 a 34 años,3126,2919,1470,1449,207,70,137
2858,Estados Unidos Mexicanos,29  Tlaxcala,15 000 a 19 999 hab.,35 a 39 años,2575,2289,1153,1136,286,93,193
2859,Estados Unidos Mexicanos,29  Tlaxcala,15 000 a 19 999 hab.,40 a 44 años,2061,1784,895,889,277,82,195
2860,Estados Unidos Mexicanos,29  Tlaxcala,15 000 a 19 999 hab.,45 a 49 años,1804,1488,770,718,316,93,223
2861,Estados Unidos Mexicanos,29  Tlaxcala,15 000 a 19 999 hab.,50 a 54 años,1460,1158,619,539,302,91,211
2862,Estados Unidos Mexicanos,29  Tlaxcala,15 000 a 19 999 hab.,55 a 59 años,1208,874,470,404,334,77,257
2863,Estados Unidos Mexicanos,29  Tlaxcala,15 000 a 19 999 hab.,60 a 64 años,871,604,331,273,267,85,182
2864,Estados Unidos Mexicanos,29  Tlaxcala,15 000 a 19 999 hab.,65 y más años,2109,1331,736,595,778,250,528
2865,Estados Unidos Mexicanos,29  Tlaxcala,20 000 a 49 999 hab.,Total,44523,37864,19256,18608,6659,2204,4455
2866,Estados Unidos Mexicanos,29  Tlaxcala,20 000 a 49 999 hab.,15 a 19 años,9201,8835,4366,4469,366,127,239
2867,Estados Unidos Mexicanos,29  Tlaxcala,20 000 a 49 999 hab.,20 a 24 años,7435,6948,3294,3654,487,185,302
2868,Estados Unidos Mexicanos,29  Tlaxcala,20 000 a 49 999 hab.,25 a 29 años,5563,5094,2552,2542,469,172,297
2869,Estados Unidos Mexicanos,29  Tlaxcala,20 000 a 49 999 hab.,30 a 34 años,4388,3817,1993,1824,571,189,382
2870,Estados Unidos Mexicanos,29  Tlaxcala,20 000 a 49 999 hab.,35 a 39 años,3835,3103,1583,1520,732,236,496
2871,Estados Unidos Mexicanos,29  Tlaxcala,20 000 a 49 999 hab.,40 a 44 años,3166,2492,1304,1188,674,206,468
2872,Estados Unidos Mexicanos,29  Tlaxcala,20 000 a 49 999 hab.,45 a 49 años,2757,2051,1097,954,706,201,505
2873,Estados Unidos Mexicanos,29  Tlaxcala,20 000 a 49 999 hab.,50 a 54 años,2108,1577,891,686,531,155,376
2874,Estados Unidos Mexicanos,29  Tlaxcala,20 000 a 49 999 hab.,55 a 59 años,1784,1290,718,572,494,171,323
2875,Estados Unidos Mexicanos,29  Tlaxcala,20 000 a 49 999 hab.,60 a 64 años,1251,867,491,376,384,126,258
2876,Estados Unidos Mexicanos,29  Tlaxcala,20 000 a 49 999 hab.,65 y más años,3035,1790,967,823,1245,436,809
2877,Estados Unidos Mexicanos,29  Tlaxcala,50 000 a 99 999 hab.,Total,0,0,0,0,0,0,0
2878,Estados Unidos Mexicanos,29  Tlaxcala,100 000  y más hab.,Total,0,0,0,0,0,0,0
2879,Estados Unidos Mexicanos,30  Veracruz,Total,Total,3087835,2366283,1241609,1124674,721552,279560,441992
2880,Estados Unidos Mexicanos,30  Veracruz,Total,15 a 19 años,608530,539077,271691,267386,69453,30931,38522
2881,Estados Unidos Mexicanos,30  Veracruz,Total,20 a 24 años,478519,412824,206256,206568,65695,26023,39672
2882,Estados Unidos Mexicanos,30  Veracruz,Total,25 a 29 años,386875,319034,162058,156976,67841,25810,42031
2883,Estados Unidos Mexicanos,30  Veracruz,Total,30 a 34 años,311639,245751,129150,116601,65888,25094,40794
2884,Estados Unidos Mexicanos,30  Veracruz,Total,35 a 39 años,293596,213249,113812,99437,80347,30354,49993
2885,Estados Unidos Mexicanos,30  Veracruz,Total,40 a 44 años,236636,168247,92493,75754,68389,26047,42342
2886,Estados Unidos Mexicanos,30  Veracruz,Total,45 a 49 años,198672,135379,74540,60839,63293,23316,39977
2887,Estados Unidos Mexicanos,30  Veracruz,Total,50 a 54 años,156033,102844,58333,44511,53189,19651,33538
2888,Estados Unidos Mexicanos,30  Veracruz,Total,55 a 59 años,117823,75941,44316,31625,41882,15926,25956
2889,Estados Unidos Mexicanos,30  Veracruz,Total,60 a 64 años,91099,50512,29500,21012,40587,15497,25090
2890,Estados Unidos Mexicanos,30  Veracruz,Total,65 y más años,208413,103425,59460,43965,104988,40911,64077
2891,Estados Unidos Mexicanos,30  Veracruz,1 a 2 499 hab.,Total,1423147,931475,528065,403410,491672,205655,286017
2892,Estados Unidos Mexicanos,30  Veracruz,1 a 2 499 hab.,15 a 19 años,288151,235547,123845,111702,52604,24137,28467
2893,Estados Unidos Mexicanos,30  Veracruz,1 a 2 499 hab.,20 a 24 años,215176,167432,88432,79000,47744,19748,27996
2894,Estados Unidos Mexicanos,30  Veracruz,1 a 2 499 hab.,25 a 29 años,175652,126803,68713,58090,48849,19350,29499
2895,Estados Unidos Mexicanos,30  Veracruz,1 a 2 499 hab.,30 a 34 años,141065,94851,54064,40787,46214,18619,27595
2896,Estados Unidos Mexicanos,30  Veracruz,1 a 2 499 hab.,35 a 39 años,140978,84737,49404,35333,56241,22660,33581
2897,Estados Unidos Mexicanos,30  Veracruz,1 a 2 499 hab.,40 a 44 años,109097,62854,38424,24430,46243,19043,27200
2898,Estados Unidos Mexicanos,30  Veracruz,1 a 2 499 hab.,45 a 49 años,91575,49408,30632,18776,42167,16925,25242
2899,Estados Unidos Mexicanos,30  Veracruz,1 a 2 499 hab.,50 a 54 años,69960,35145,22967,12178,34815,14104,20711
2900,Estados Unidos Mexicanos,30  Veracruz,1 a 2 499 hab.,55 a 59 años,52249,25547,17315,8232,26702,11304,15398
2901,Estados Unidos Mexicanos,30  Veracruz,1 a 2 499 hab.,60 a 64 años,43697,17110,11768,5342,26587,11310,15277
2902,Estados Unidos Mexicanos,30  Veracruz,1 a 2 499 hab.,65 y más años,95547,32041,22501,9540,63506,28455,35051
2903,Estados Unidos Mexicanos,30  Veracruz,2 500 a 4 999 hab.,Total,219622,166625,88934,77691,52997,19387,33610
2904,Estados Unidos Mexicanos,30  Veracruz,2 500 a 4 999 hab.,15 a 19 años,43837,39379,20057,19322,4458,1867,2591
2905,Estados Unidos Mexicanos,30  Veracruz,2 500 a 4 999 hab.,20 a 24 años,32430,28082,14155,13927,4348,1636,2712
2906,Estados Unidos Mexicanos,30  Veracruz,2 500 a 4 999 hab.,25 a 29 años,26360,21660,11033,10627,4700,1657,3043
2907,Estados Unidos Mexicanos,30  Veracruz,2 500 a 4 999 hab.,30 a 34 años,21358,16683,8891,7792,4675,1720,2955
2908,Estados Unidos Mexicanos,30  Veracruz,2 500 a 4 999 hab.,35 a 39 años,21044,15147,8160,6987,5897,2074,3823
2909,Estados Unidos Mexicanos,30  Veracruz,2 500 a 4 999 hab.,40 a 44 años,17347,12163,6751,5412,5184,1896,3288
2910,Estados Unidos Mexicanos,30  Veracruz,2 500 a 4 999 hab.,45 a 49 años,14715,9922,5671,4251,4793,1680,3113
2911,Estados Unidos Mexicanos,30  Veracruz,2 500 a 4 999 hab.,50 a 54 años,11396,7281,4269,3012,4115,1462,2653
2912,Estados Unidos Mexicanos,30  Veracruz,2 500 a 4 999 hab.,55 a 59 años,8561,5306,3226,2080,3255,1148,2107
2913,Estados Unidos Mexicanos,30  Veracruz,2 500 a 4 999 hab.,60 a 64 años,6637,3569,2152,1417,3068,1067,2001
2914,Estados Unidos Mexicanos,30  Veracruz,2 500 a 4 999 hab.,65 y más años,15937,7433,4569,2864,8504,3180,5324
2915,Estados Unidos Mexicanos,30  Veracruz,5 000 a 9 999 hab.,Total,209690,165662,86927,78735,44028,16261,27767
2916,Estados Unidos Mexicanos,30  Veracruz,5 000 a 9 999 hab.,15 a 19 años,41315,37299,18680,18619,4016,1720,2296
2917,Estados Unidos Mexicanos,30  Veracruz,5 000 a 9 999 hab.,20 a 24 años,33185,29143,14512,14631,4042,1527,2515
2918,Estados Unidos Mexicanos,30  Veracruz,5 000 a 9 999 hab.,25 a 29 años,26595,22515,11544,10971,4080,1558,2522
2919,Estados Unidos Mexicanos,30  Veracruz,5 000 a 9 999 hab.,30 a 34 años,20807,16905,8917,7988,3902,1344,2558
2920,Estados Unidos Mexicanos,30  Veracruz,5 000 a 9 999 hab.,35 a 39 años,19714,15044,8013,7031,4670,1658,3012
2921,Estados Unidos Mexicanos,30  Veracruz,5 000 a 9 999 hab.,40 a 44 años,15993,11865,6502,5363,4128,1511,2617
2922,Estados Unidos Mexicanos,30  Veracruz,5 000 a 9 999 hab.,45 a 49 años,13702,9590,5291,4299,4112,1478,2634
2923,Estados Unidos Mexicanos,30  Veracruz,5 000 a 9 999 hab.,50 a 54 años,10413,7186,4119,3067,3227,1156,2071
2924,Estados Unidos Mexicanos,30  Veracruz,5 000 a 9 999 hab.,55 a 59 años,7823,5266,3062,2204,2557,940,1617
2925,Estados Unidos Mexicanos,30  Veracruz,5 000 a 9 999 hab.,60 a 64 años,5838,3366,2011,1355,2472,879,1593
2926,Estados Unidos Mexicanos,30  Veracruz,5 000 a 9 999 hab.,65 y más años,14305,7483,4276,3207,6822,2490,4332
2927,Estados Unidos Mexicanos,30  Veracruz,10 000 a 14 999 hab.,Total,89253,73605,37411,36194,15648,5065,10583
2928,Estados Unidos Mexicanos,30  Veracruz,10 000 a 14 999 hab.,15 a 19 años,17788,16808,8344,8464,980,364,616
2929,Estados Unidos Mexicanos,30  Veracruz,10 000 a 14 999 hab.,20 a 24 años,13286,12112,5821,6291,1174,361,813
2930,Estados Unidos Mexicanos,30  Veracruz,10 000 a 14 999 hab.,25 a 29 años,11092,9724,4825,4899,1368,419,949
2931,Estados Unidos Mexicanos,30  Veracruz,10 000 a 14 999 hab.,30 a 34 años,9023,7583,3873,3710,1440,478,962
2932,Estados Unidos Mexicanos,30  Veracruz,10 000 a 14 999 hab.,35 a 39 años,8441,6705,3442,3263,1736,555,1181
2933,Estados Unidos Mexicanos,30  Veracruz,10 000 a 14 999 hab.,40 a 44 años,7069,5471,2913,2558,1598,545,1053
2934,Estados Unidos Mexicanos,30  Veracruz,10 000 a 14 999 hab.,45 a 49 años,5782,4259,2265,1994,1523,474,1049
2935,Estados Unidos Mexicanos,30  Veracruz,10 000 a 14 999 hab.,50 a 54 años,4575,3260,1748,1512,1315,385,930
2936,Estados Unidos Mexicanos,30  Veracruz,10 000 a 14 999 hab.,55 a 59 años,3523,2548,1499,1049,975,312,663
2937,Estados Unidos Mexicanos,30  Veracruz,10 000 a 14 999 hab.,60 a 64 años,2502,1576,852,724,926,336,590
2938,Estados Unidos Mexicanos,30  Veracruz,10 000 a 14 999 hab.,65 y más años,6172,3559,1829,1730,2613,836,1777
2939,Estados Unidos Mexicanos,30  Veracruz,15 000 a 19 999 hab.,Total,108281,90256,45600,44656,18025,6104,11921
2940,Estados Unidos Mexicanos,30  Veracruz,15 000 a 19 999 hab.,15 a 19 años,21972,20640,10077,10563,1332,581,751
2941,Estados Unidos Mexicanos,30  Veracruz,15 000 a 19 999 hab.,20 a 24 años,16443,15042,7186,7856,1401,533,868
2942,Estados Unidos Mexicanos,30  Veracruz,15 000 a 19 999 hab.,25 a 29 años,13502,11968,5738,6230,1534,543,991
2943,Estados Unidos Mexicanos,30  Veracruz,15 000 a 19 999 hab.,30 a 34 años,11232,9629,4756,4873,1603,588,1015
2944,Estados Unidos Mexicanos,30  Veracruz,15 000 a 19 999 hab.,35 a 39 años,10442,8347,4251,4096,2095,664,1431
2945,Estados Unidos Mexicanos,30  Veracruz,15 000 a 19 999 hab.,40 a 44 años,8587,6638,3589,3049,1949,631,1318
2946,Estados Unidos Mexicanos,30  Veracruz,15 000 a 19 999 hab.,45 a 49 años,6850,5181,2826,2355,1669,527,1142
2947,Estados Unidos Mexicanos,30  Veracruz,15 000 a 19 999 hab.,50 a 54 años,5600,4122,2339,1783,1478,481,997
2948,Estados Unidos Mexicanos,30  Veracruz,15 000 a 19 999 hab.,55 a 59 años,4030,2908,1628,1280,1122,366,756
2949,Estados Unidos Mexicanos,30  Veracruz,15 000 a 19 999 hab.,60 a 64 años,2935,1949,1169,780,986,309,677
2950,Estados Unidos Mexicanos,30  Veracruz,15 000 a 19 999 hab.,65 y más años,6688,3832,2041,1791,2856,881,1975
2951,Estados Unidos Mexicanos,30  Veracruz,20 000 a 49 999 hab.,Total,299028,260066,129277,130789,38962,11476,27486
2952,Estados Unidos Mexicanos,30  Veracruz,20 000 a 49 999 hab.,15 a 19 años,57825,55333,27130,28203,2492,984,1508
2953,Estados Unidos Mexicanos,30  Veracruz,20 000 a 49 999 hab.,20 a 24 años,45574,42763,20153,22610,2811,925,1886
2954,Estados Unidos Mexicanos,30  Veracruz,20 000 a 49 999 hab.,25 a 29 años,37187,34119,16324,17795,3068,1016,2052
2955,Estados Unidos Mexicanos,30  Veracruz,20 000 a 49 999 hab.,30 a 34 años,30953,27706,13584,14122,3247,984,2263
2956,Estados Unidos Mexicanos,30  Veracruz,20 000 a 49 999 hab.,35 a 39 años,27935,24003,11968,12035,3932,1202,2730
2957,Estados Unidos Mexicanos,30  Veracruz,20 000 a 49 999 hab.,40 a 44 años,23103,19425,10004,9421,3678,959,2719
2958,Estados Unidos Mexicanos,30  Veracruz,20 000 a 49 999 hab.,45 a 49 años,19292,15737,7979,7758,3555,922,2633
2959,Estados Unidos Mexicanos,30  Veracruz,20 000 a 49 999 hab.,50 a 54 años,15652,12441,6533,5908,3211,872,2339
2960,Estados Unidos Mexicanos,30  Veracruz,20 000 a 49 999 hab.,55 a 59 años,11975,9251,5074,4177,2724,792,1932
2961,Estados Unidos Mexicanos,30  Veracruz,20 000 a 49 999 hab.,60 a 64 años,8312,5937,3248,2689,2375,627,1748
2962,Estados Unidos Mexicanos,30  Veracruz,20 000 a 49 999 hab.,65 y más años,21220,13351,7280,6071,7869,2193,5676
2963,Estados Unidos Mexicanos,30  Veracruz,50 000 a 99 999 hab.,Total,95854,86358,41121,45237,9496,2683,6813
2964,Estados Unidos Mexicanos,30  Veracruz,50 000 a 99 999 hab.,15 a 19 años,18555,18020,8621,9399,535,216,319
2965,Estados Unidos Mexicanos,30  Veracruz,50 000 a 99 999 hab.,20 a 24 años,14588,13965,6388,7577,623,197,426
2966,Estados Unidos Mexicanos,30  Veracruz,50 000 a 99 999 hab.,25 a 29 años,11868,11256,5193,6063,612,193,419
2967,Estados Unidos Mexicanos,30  Veracruz,50 000 a 99 999 hab.,30 a 34 años,9933,9157,4291,4866,776,255,521
2968,Estados Unidos Mexicanos,30  Veracruz,50 000 a 99 999 hab.,35 a 39 años,8653,7804,3684,4120,849,230,619
2969,Estados Unidos Mexicanos,30  Veracruz,50 000 a 99 999 hab.,40 a 44 años,7368,6490,3183,3307,878,261,617
2970,Estados Unidos Mexicanos,30  Veracruz,50 000 a 99 999 hab.,45 a 49 años,6230,5349,2541,2808,881,222,659
2971,Estados Unidos Mexicanos,30  Veracruz,50 000 a 99 999 hab.,50 a 54 años,5016,4245,2063,2182,771,185,586
2972,Estados Unidos Mexicanos,30  Veracruz,50 000 a 99 999 hab.,55 a 59 años,3954,3195,1643,1552,759,217,542
2973,Estados Unidos Mexicanos,30  Veracruz,50 000 a 99 999 hab.,60 a 64 años,2840,2146,1100,1046,694,174,520
2974,Estados Unidos Mexicanos,30  Veracruz,50 000 a 99 999 hab.,65 y más años,6849,4731,2414,2317,2118,533,1585
2975,Estados Unidos Mexicanos,30  Veracruz,100 000  y más hab.,Total,642960,592236,284274,307962,50724,12929,37795
2976,Estados Unidos Mexicanos,30  Veracruz,100 000  y más hab.,15 a 19 años,119087,116051,54937,61114,3036,1062,1974
2977,Estados Unidos Mexicanos,30  Veracruz,100 000  y más hab.,20 a 24 años,107837,104285,49609,54676,3552,1096,2456
2978,Estados Unidos Mexicanos,30  Veracruz,100 000  y más hab.,25 a 29 años,84619,80989,38688,42301,3630,1074,2556
2979,Estados Unidos Mexicanos,30  Veracruz,100 000  y más hab.,30 a 34 años,67268,63237,30774,32463,4031,1106,2925
2980,Estados Unidos Mexicanos,30  Veracruz,100 000  y más hab.,35 a 39 años,56389,51462,24890,26572,4927,1311,3616
2981,Estados Unidos Mexicanos,30  Veracruz,100 000  y más hab.,40 a 44 años,48072,43341,21127,22214,4731,1201,3530
2982,Estados Unidos Mexicanos,30  Veracruz,100 000  y más hab.,45 a 49 años,40526,35933,17335,18598,4593,1088,3505
2983,Estados Unidos Mexicanos,30  Veracruz,100 000  y más hab.,50 a 54 años,33421,29164,14295,14869,4257,1006,3251
2984,Estados Unidos Mexicanos,30  Veracruz,100 000  y más hab.,55 a 59 años,25708,21920,10869,11051,3788,847,2941
2985,Estados Unidos Mexicanos,30  Veracruz,100 000  y más hab.,60 a 64 años,18338,14859,7200,7659,3479,795,2684
2986,Estados Unidos Mexicanos,30  Veracruz,100 000  y más hab.,65 y más años,41695,30995,14550,16445,10700,2343,8357
2987,Estados Unidos Mexicanos,31  Yucatán,Total,Total,636698,515538,266311,249227,121160,49068,72092
2988,Estados Unidos Mexicanos,31  Yucatán,Total,15 a 19 años,118255,106759,53253,53506,11496,4662,6834
2989,Estados Unidos Mexicanos,31  Yucatán,Total,20 a 24 años,94223,81274,41488,39786,12949,5104,7845
2990,Estados Unidos Mexicanos,31  Yucatán,Total,25 a 29 años,77392,64752,32731,32021,12640,4996,7644
2991,Estados Unidos Mexicanos,31  Yucatán,Total,30 a 34 años,64573,53129,27857,25272,11444,4417,7027
2992,Estados Unidos Mexicanos,31  Yucatán,Total,35 a 39 años,55812,44280,23030,21250,11532,4228,7304
2993,Estados Unidos Mexicanos,31  Yucatán,Total,40 a 44 años,45840,36254,19115,17139,9586,3662,5924
2994,Estados Unidos Mexicanos,31  Yucatán,Total,45 a 49 años,39587,30016,15646,14370,9571,3706,5865
2995,Estados Unidos Mexicanos,31  Yucatán,Total,50 a 54 años,32607,23895,12634,11261,8712,3583,5129
2996,Estados Unidos Mexicanos,31  Yucatán,Total,55 a 59 años,28466,20688,11066,9622,7778,3346,4432
2997,Estados Unidos Mexicanos,31  Yucatán,Total,60 a 64 años,25288,17659,9682,7977,7629,3401,4228
2998,Estados Unidos Mexicanos,31  Yucatán,Total,65 y más años,54655,36832,19809,17023,17823,7963,9860
2999,Estados Unidos Mexicanos,31  Yucatán,1 a 2 499 hab.,Total,156201,101684,59658,42026,54517,23075,31442
3000,Estados Unidos Mexicanos,31  Yucatán,1 a 2 499 hab.,15 a 19 años,29398,23335,12477,10858,6063,2443,3620
3001,Estados Unidos Mexicanos,31  Yucatán,1 a 2 499 hab.,20 a 24 años,23919,17254,9613,7641,6665,2631,4034
3002,Estados Unidos Mexicanos,31  Yucatán,1 a 2 499 hab.,25 a 29 años,20177,13789,7789,6000,6388,2553,3835
3003,Estados Unidos Mexicanos,31  Yucatán,1 a 2 499 hab.,30 a 34 años,15529,10239,6055,4184,5290,2121,3169
3004,Estados Unidos Mexicanos,31  Yucatán,1 a 2 499 hab.,35 a 39 años,13825,8381,5002,3379,5444,2025,3419
3005,Estados Unidos Mexicanos,31  Yucatán,1 a 2 499 hab.,40 a 44 años,11142,6758,4174,2584,4384,1806,2578
3006,Estados Unidos Mexicanos,31  Yucatán,1 a 2 499 hab.,45 a 49 años,10068,5747,3515,2232,4321,1764,2557
3007,Estados Unidos Mexicanos,31  Yucatán,1 a 2 499 hab.,50 a 54 años,7898,4188,2690,1498,3710,1691,2019
3008,Estados Unidos Mexicanos,31  Yucatán,1 a 2 499 hab.,55 a 59 años,6675,3577,2385,1192,3098,1447,1651
3009,Estados Unidos Mexicanos,31  Yucatán,1 a 2 499 hab.,60 a 64 años,5920,2949,2079,870,2971,1420,1551
3010,Estados Unidos Mexicanos,31  Yucatán,1 a 2 499 hab.,65 y más años,11650,5467,3879,1588,6183,3174,3009
3011,Estados Unidos Mexicanos,31  Yucatán,2 500 a 4 999 hab.,Total,74148,54380,29701,24679,19768,8664,11104
3012,Estados Unidos Mexicanos,31  Yucatán,2 500 a 4 999 hab.,15 a 19 años,13484,11740,5949,5791,1744,784,960
3013,Estados Unidos Mexicanos,31  Yucatán,2 500 a 4 999 hab.,20 a 24 años,10376,8377,4336,4041,1999,860,1139
3014,Estados Unidos Mexicanos,31  Yucatán,2 500 a 4 999 hab.,25 a 29 años,8628,6735,3553,3182,1893,798,1095
3015,Estados Unidos Mexicanos,31  Yucatán,2 500 a 4 999 hab.,30 a 34 años,7507,5648,3123,2525,1859,785,1074
3016,Estados Unidos Mexicanos,31  Yucatán,2 500 a 4 999 hab.,35 a 39 años,6679,4766,2550,2216,1913,756,1157
3017,Estados Unidos Mexicanos,31  Yucatán,2 500 a 4 999 hab.,40 a 44 años,5474,3976,2244,1732,1498,564,934
3018,Estados Unidos Mexicanos,31  Yucatán,2 500 a 4 999 hab.,45 a 49 años,4873,3314,1878,1436,1559,647,912
3019,Estados Unidos Mexicanos,31  Yucatán,2 500 a 4 999 hab.,50 a 54 años,3966,2450,1412,1038,1516,647,869
3020,Estados Unidos Mexicanos,31  Yucatán,2 500 a 4 999 hab.,55 a 59 años,3390,2030,1238,792,1360,654,706
3021,Estados Unidos Mexicanos,31  Yucatán,2 500 a 4 999 hab.,60 a 64 años,3140,1756,1116,640,1384,677,707
3022,Estados Unidos Mexicanos,31  Yucatán,2 500 a 4 999 hab.,65 y más años,6631,3588,2302,1286,3043,1492,1551
3023,Estados Unidos Mexicanos,31  Yucatán,5 000 a 9 999 hab.,Total,46792,35350,19290,16060,11442,4778,6664
3024,Estados Unidos Mexicanos,31  Yucatán,5 000 a 9 999 hab.,15 a 19 años,8540,7641,3949,3692,899,350,549
3025,Estados Unidos Mexicanos,31  Yucatán,5 000 a 9 999 hab.,20 a 24 años,6645,5531,2923,2608,1114,437,677
3026,Estados Unidos Mexicanos,31  Yucatán,5 000 a 9 999 hab.,25 a 29 años,5631,4560,2351,2209,1071,425,646
3027,Estados Unidos Mexicanos,31  Yucatán,5 000 a 9 999 hab.,30 a 34 años,4682,3630,1980,1650,1052,374,678
3028,Estados Unidos Mexicanos,31  Yucatán,5 000 a 9 999 hab.,35 a 39 años,4054,3034,1619,1415,1020,383,637
3029,Estados Unidos Mexicanos,31  Yucatán,5 000 a 9 999 hab.,40 a 44 años,3414,2499,1396,1103,915,351,564
3030,Estados Unidos Mexicanos,31  Yucatán,5 000 a 9 999 hab.,45 a 49 años,3025,2055,1135,920,970,362,608
3031,Estados Unidos Mexicanos,31  Yucatán,5 000 a 9 999 hab.,50 a 54 años,2517,1613,968,645,904,395,509
3032,Estados Unidos Mexicanos,31  Yucatán,5 000 a 9 999 hab.,55 a 59 años,2242,1343,810,533,899,418,481
3033,Estados Unidos Mexicanos,31  Yucatán,5 000 a 9 999 hab.,60 a 64 años,1936,1149,728,421,787,381,406
3034,Estados Unidos Mexicanos,31  Yucatán,5 000 a 9 999 hab.,65 y más años,4106,2295,1431,864,1811,902,909
3035,Estados Unidos Mexicanos,31  Yucatán,10 000 a 14 999 hab.,Total,25899,19832,10551,9281,6067,2503,3564
3036,Estados Unidos Mexicanos,31  Yucatán,10 000 a 14 999 hab.,15 a 19 años,4792,4300,2228,2072,492,194,298
3037,Estados Unidos Mexicanos,31  Yucatán,10 000 a 14 999 hab.,20 a 24 años,3840,3194,1597,1597,646,243,403
3038,Estados Unidos Mexicanos,31  Yucatán,10 000 a 14 999 hab.,25 a 29 años,3154,2511,1275,1236,643,270,373
3039,Estados Unidos Mexicanos,31  Yucatán,10 000 a 14 999 hab.,30 a 34 años,2543,2013,1086,927,530,203,327
3040,Estados Unidos Mexicanos,31  Yucatán,10 000 a 14 999 hab.,35 a 39 años,2238,1712,923,789,526,194,332
3041,Estados Unidos Mexicanos,31  Yucatán,10 000 a 14 999 hab.,40 a 44 años,1781,1348,705,643,433,176,257
3042,Estados Unidos Mexicanos,31  Yucatán,10 000 a 14 999 hab.,45 a 49 años,1613,1122,591,531,491,193,298
3043,Estados Unidos Mexicanos,31  Yucatán,10 000 a 14 999 hab.,50 a 54 años,1272,851,488,363,421,178,243
3044,Estados Unidos Mexicanos,31  Yucatán,10 000 a 14 999 hab.,55 a 59 años,1164,756,433,323,408,161,247
3045,Estados Unidos Mexicanos,31  Yucatán,10 000 a 14 999 hab.,60 a 64 años,1114,697,417,280,417,184,233
3046,Estados Unidos Mexicanos,31  Yucatán,10 000 a 14 999 hab.,65 y más años,2388,1328,808,520,1060,507,553
3047,Estados Unidos Mexicanos,31  Yucatán,15 000 a 19 999 hab.,Total,28501,22636,11725,10911,5865,2310,3555
3048,Estados Unidos Mexicanos,31  Yucatán,15 000 a 19 999 hab.,15 a 19 años,5204,4786,2354,2432,418,181,237
3049,Estados Unidos Mexicanos,31  Yucatán,15 000 a 19 999 hab.,20 a 24 años,4112,3605,1777,1828,507,186,321
3050,Estados Unidos Mexicanos,31  Yucatán,15 000 a 19 999 hab.,25 a 29 años,3320,2773,1333,1440,547,203,344
3051,Estados Unidos Mexicanos,31  Yucatán,15 000 a 19 999 hab.,30 a 34 años,2887,2336,1246,1090,551,184,367
3052,Estados Unidos Mexicanos,31  Yucatán,15 000 a 19 999 hab.,35 a 39 años,2481,1976,1061,915,505,153,352
3053,Estados Unidos Mexicanos,31  Yucatán,15 000 a 19 999 hab.,40 a 44 años,2066,1577,832,745,489,181,308
3054,Estados Unidos Mexicanos,31  Yucatán,15 000 a 19 999 hab.,45 a 49 años,1737,1317,675,642,420,160,260
3055,Estados Unidos Mexicanos,31  Yucatán,15 000 a 19 999 hab.,50 a 54 años,1546,1089,595,494,457,167,290
3056,Estados Unidos Mexicanos,31  Yucatán,15 000 a 19 999 hab.,55 a 59 años,1254,873,502,371,381,154,227
3057,Estados Unidos Mexicanos,31  Yucatán,15 000 a 19 999 hab.,60 a 64 años,1197,720,403,317,477,216,261
3058,Estados Unidos Mexicanos,31  Yucatán,15 000 a 19 999 hab.,65 y más años,2697,1584,947,637,1113,525,588
3059,Estados Unidos Mexicanos,31  Yucatán,20 000 a 49 999 hab.,Total,46222,38572,19626,18946,7650,3003,4647
3060,Estados Unidos Mexicanos,31  Yucatán,20 000 a 49 999 hab.,15 a 19 años,9104,8400,4208,4192,704,296,408
3061,Estados Unidos Mexicanos,31  Yucatán,20 000 a 49 999 hab.,20 a 24 años,6693,5927,2945,2982,766,284,482
3062,Estados Unidos Mexicanos,31  Yucatán,20 000 a 49 999 hab.,25 a 29 años,5643,4842,2425,2417,801,280,521
3063,Estados Unidos Mexicanos,31  Yucatán,20 000 a 49 999 hab.,30 a 34 años,4783,3993,1997,1996,790,323,467
3064,Estados Unidos Mexicanos,31  Yucatán,20 000 a 49 999 hab.,35 a 39 años,4261,3400,1717,1683,861,341,520
3065,Estados Unidos Mexicanos,31  Yucatán,20 000 a 49 999 hab.,40 a 44 años,3597,2884,1496,1388,713,248,465
3066,Estados Unidos Mexicanos,31  Yucatán,20 000 a 49 999 hab.,45 a 49 años,2941,2294,1223,1071,647,269,378
3067,Estados Unidos Mexicanos,31  Yucatán,20 000 a 49 999 hab.,50 a 54 años,2177,1682,901,781,495,179,316
3068,Estados Unidos Mexicanos,31  Yucatán,20 000 a 49 999 hab.,55 a 59 años,1912,1487,727,760,425,191,234
3069,Estados Unidos Mexicanos,31  Yucatán,20 000 a 49 999 hab.,60 a 64 años,1623,1202,637,565,421,168,253
3070,Estados Unidos Mexicanos,31  Yucatán,20 000 a 49 999 hab.,65 y más años,3488,2461,1350,1111,1027,424,603
3071,Estados Unidos Mexicanos,31  Yucatán,50 000 a 99 999 hab.,Total,0,0,0,0,0,0,0
3072,Estados Unidos Mexicanos,31  Yucatán,100 000  y más hab.,Total,258935,243084,115760,127324,15851,4735,11116
3073,Estados Unidos Mexicanos,31  Yucatán,100 000  y más hab.,15 a 19 años,47733,46557,22088,24469,1176,414,762
3074,Estados Unidos Mexicanos,31  Yucatán,100 000  y más hab.,20 a 24 años,38638,37386,18297,19089,1252,463,789
3075,Estados Unidos Mexicanos,31  Yucatán,100 000  y más hab.,25 a 29 años,30839,29542,14005,15537,1297,467,830
3076,Estados Unidos Mexicanos,31  Yucatán,100 000  y más hab.,30 a 34 años,26642,25270,12370,12900,1372,427,945
3077,Estados Unidos Mexicanos,31  Yucatán,100 000  y más hab.,35 a 39 años,22274,21011,10158,10853,1263,376,887
3078,Estados Unidos Mexicanos,31  Yucatán,100 000  y más hab.,40 a 44 años,18366,17212,8268,8944,1154,336,818
3079,Estados Unidos Mexicanos,31  Yucatán,100 000  y más hab.,45 a 49 años,15330,14167,6629,7538,1163,311,852
3080,Estados Unidos Mexicanos,31  Yucatán,100 000  y más hab.,50 a 54 años,13231,12022,5580,6442,1209,326,883
3081,Estados Unidos Mexicanos,31  Yucatán,100 000  y más hab.,55 a 59 años,11829,10622,4971,5651,1207,321,886
3082,Estados Unidos Mexicanos,31  Yucatán,100 000  y más hab.,60 a 64 años,10358,9186,4302,4884,1172,355,817
3083,Estados Unidos Mexicanos,31  Yucatán,100 000  y más hab.,65 y más años,23695,20109,9092,11017,3586,939,2647
3084,Estados Unidos Mexicanos,32  Zacatecas,Total,Total,586808,499150,245986,253164,87658,38275,49383
3085,Estados Unidos Mexicanos,32  Zacatecas,Total,15 a 19 años,131221,124604,60598,64006,6617,3468,3149
3086,Estados Unidos Mexicanos,32  Zacatecas,Total,20 a 24 años,87151,81581,38272,43309,5570,2516,3054
3087,Estados Unidos Mexicanos,32  Zacatecas,Total,25 a 29 años,61931,56555,27020,29535,5376,2304,3072
3088,Estados Unidos Mexicanos,32  Zacatecas,Total,30 a 34 años,52278,46074,22274,23800,6204,2582,3622
3089,Estados Unidos Mexicanos,32  Zacatecas,Total,35 a 39 años,50030,42512,20619,21893,7518,3111,4407
3090,Estados Unidos Mexicanos,32  Zacatecas,Total,40 a 44 años,42572,35205,17520,17685,7367,3033,4334
3091,Estados Unidos Mexicanos,32  Zacatecas,Total,45 a 49 años,37208,29529,15126,14403,7679,3018,4661
3092,Estados Unidos Mexicanos,32  Zacatecas,Total,50 a 54 años,30990,23267,12253,11014,7723,3061,4662
3093,Estados Unidos Mexicanos,32  Zacatecas,Total,55 a 59 años,24345,17922,9731,8191,6423,2669,3754
3094,Estados Unidos Mexicanos,32  Zacatecas,Total,60 a 64 años,18504,12532,6694,5838,5972,2585,3387
3095,Estados Unidos Mexicanos,32  Zacatecas,Total,65 y más años,50578,29369,15879,13490,21209,9928,11281
3096,Estados Unidos Mexicanos,32  Zacatecas,1 a 2 499 hab.,Total,354394,290553,145947,144606,63841,28752,35089
3097,Estados Unidos Mexicanos,32  Zacatecas,1 a 2 499 hab.,15 a 19 años,78943,73871,36110,37761,5072,2700,2372
3098,Estados Unidos Mexicanos,32  Zacatecas,1 a 2 499 hab.,20 a 24 años,50160,46208,21859,24349,3952,1845,2107
3099,Estados Unidos Mexicanos,32  Zacatecas,1 a 2 499 hab.,25 a 29 años,35960,32150,15478,16672,3810,1653,2157
3100,Estados Unidos Mexicanos,32  Zacatecas,1 a 2 499 hab.,30 a 34 años,31147,26645,13047,13598,4502,1930,2572
3101,Estados Unidos Mexicanos,32  Zacatecas,1 a 2 499 hab.,35 a 39 años,30876,25303,12470,12833,5573,2359,3214
3102,Estados Unidos Mexicanos,32  Zacatecas,1 a 2 499 hab.,40 a 44 años,26381,20937,10651,10286,5444,2320,3124
3103,Estados Unidos Mexicanos,32  Zacatecas,1 a 2 499 hab.,45 a 49 años,23427,17765,9366,8399,5662,2282,3380
3104,Estados Unidos Mexicanos,32  Zacatecas,1 a 2 499 hab.,50 a 54 años,19354,13771,7556,6215,5583,2311,3272
3105,Estados Unidos Mexicanos,32  Zacatecas,1 a 2 499 hab.,55 a 59 años,14972,10334,5846,4488,4638,1998,2640
3106,Estados Unidos Mexicanos,32  Zacatecas,1 a 2 499 hab.,60 a 64 años,11608,7219,4083,3136,4389,1954,2435
3107,Estados Unidos Mexicanos,32  Zacatecas,1 a 2 499 hab.,65 y más años,31566,16350,9481,6869,15216,7400,7816
3108,Estados Unidos Mexicanos,32  Zacatecas,2 500 a 4 999 hab.,Total,39520,34253,16567,17686,5267,2294,2973
3109,Estados Unidos Mexicanos,32  Zacatecas,2 500 a 4 999 hab.,15 a 19 años,8745,8421,4055,4366,324,164,160
3110,Estados Unidos Mexicanos,32  Zacatecas,2 500 a 4 999 hab.,20 a 24 años,5678,5345,2441,2904,333,147,186
3111,Estados Unidos Mexicanos,32  Zacatecas,2 500 a 4 999 hab.,25 a 29 años,3947,3639,1670,1969,308,152,156
3112,Estados Unidos Mexicanos,32  Zacatecas,2 500 a 4 999 hab.,30 a 34 años,3393,3060,1450,1610,333,141,192
3113,Estados Unidos Mexicanos,32  Zacatecas,2 500 a 4 999 hab.,35 a 39 años,3241,2847,1340,1507,394,169,225
3114,Estados Unidos Mexicanos,32  Zacatecas,2 500 a 4 999 hab.,40 a 44 años,2911,2455,1219,1236,456,180,276
3115,Estados Unidos Mexicanos,32  Zacatecas,2 500 a 4 999 hab.,45 a 49 años,2589,2111,1040,1071,478,210,268
3116,Estados Unidos Mexicanos,32  Zacatecas,2 500 a 4 999 hab.,50 a 54 años,2152,1651,860,791,501,200,301
3117,Estados Unidos Mexicanos,32  Zacatecas,2 500 a 4 999 hab.,55 a 59 años,1717,1306,700,606,411,162,249
3118,Estados Unidos Mexicanos,32  Zacatecas,2 500 a 4 999 hab.,60 a 64 años,1291,954,491,463,337,135,202
3119,Estados Unidos Mexicanos,32  Zacatecas,2 500 a 4 999 hab.,65 y más años,3856,2464,1301,1163,1392,634,758
3120,Estados Unidos Mexicanos,32  Zacatecas,5 000 a 9 999 hab.,Total,27521,24177,11413,12764,3344,1347,1997
3121,Estados Unidos Mexicanos,32  Zacatecas,5 000 a 9 999 hab.,15 a 19 años,5817,5655,2687,2968,162,80,82
3122,Estados Unidos Mexicanos,32  Zacatecas,5 000 a 9 999 hab.,20 a 24 años,3755,3582,1527,2055,173,75,98
3123,Estados Unidos Mexicanos,32  Zacatecas,5 000 a 9 999 hab.,25 a 29 años,2695,2526,1154,1372,169,73,96
3124,Estados Unidos Mexicanos,32  Zacatecas,5 000 a 9 999 hab.,30 a 34 años,2342,2131,1019,1112,211,90,121
3125,Estados Unidos Mexicanos,32  Zacatecas,5 000 a 9 999 hab.,35 a 39 años,2317,2027,918,1109,290,102,188
3126,Estados Unidos Mexicanos,32  Zacatecas,5 000 a 9 999 hab.,40 a 44 años,1998,1749,817,932,249,93,156
3127,Estados Unidos Mexicanos,32  Zacatecas,5 000 a 9 999 hab.,45 a 49 años,1772,1495,751,744,277,97,180
3128,Estados Unidos Mexicanos,32  Zacatecas,5 000 a 9 999 hab.,50 a 54 años,1572,1242,619,623,330,113,217
3129,Estados Unidos Mexicanos,32  Zacatecas,5 000 a 9 999 hab.,55 a 59 años,1345,1101,560,541,244,94,150
3130,Estados Unidos Mexicanos,32  Zacatecas,5 000 a 9 999 hab.,60 a 64 años,1028,775,401,374,253,114,139
3131,Estados Unidos Mexicanos,32  Zacatecas,5 000 a 9 999 hab.,65 y más años,2880,1894,960,934,986,416,570
3132,Estados Unidos Mexicanos,32  Zacatecas,10 000 a 14 999 hab.,Total,49650,43813,21043,22770,5837,2459,3378
3133,Estados Unidos Mexicanos,32  Zacatecas,10 000 a 14 999 hab.,15 a 19 años,11137,10745,5102,5643,392,207,185
3134,Estados Unidos Mexicanos,32  Zacatecas,10 000 a 14 999 hab.,20 a 24 años,7249,6885,3189,3696,364,172,192
3135,Estados Unidos Mexicanos,32  Zacatecas,10 000 a 14 999 hab.,25 a 29 años,5228,4846,2306,2540,382,157,225
3136,Estados Unidos Mexicanos,32  Zacatecas,10 000 a 14 999 hab.,30 a 34 años,4355,3941,1832,2109,414,151,263
3137,Estados Unidos Mexicanos,32  Zacatecas,10 000 a 14 999 hab.,35 a 39 años,4233,3771,1839,1932,462,177,285
3138,Estados Unidos Mexicanos,32  Zacatecas,10 000 a 14 999 hab.,40 a 44 años,3594,3130,1488,1642,464,181,283
3139,Estados Unidos Mexicanos,32  Zacatecas,10 000 a 14 999 hab.,45 a 49 años,3185,2670,1343,1327,515,198,317
3140,Estados Unidos Mexicanos,32  Zacatecas,10 000 a 14 999 hab.,50 a 54 años,2529,2050,1020,1030,479,177,302
3141,Estados Unidos Mexicanos,32  Zacatecas,10 000 a 14 999 hab.,55 a 59 años,1976,1559,795,764,417,174,243
3142,Estados Unidos Mexicanos,32  Zacatecas,10 000 a 14 999 hab.,60 a 64 años,1630,1213,596,617,417,171,246
3143,Estados Unidos Mexicanos,32  Zacatecas,10 000 a 14 999 hab.,65 y más años,4534,3003,1533,1470,1531,694,837
3144,Estados Unidos Mexicanos,32  Zacatecas,15 000 a 19 999 hab.,Total,8834,7938,3771,4167,896,336,560
3145,Estados Unidos Mexicanos,32  Zacatecas,15 000 a 19 999 hab.,15 a 19 años,2043,1985,974,1011,58,27,31
3146,Estados Unidos Mexicanos,32  Zacatecas,15 000 a 19 999 hab.,20 a 24 años,1382,1301,565,736,81,37,44
3147,Estados Unidos Mexicanos,32  Zacatecas,15 000 a 19 999 hab.,25 a 29 años,991,911,431,480,80,31,49
3148,Estados Unidos Mexicanos,32  Zacatecas,15 000 a 19 999 hab.,30 a 34 años,838,751,361,390,87,30,57
3149,Estados Unidos Mexicanos,32  Zacatecas,15 000 a 19 999 hab.,35 a 39 años,769,690,328,362,79,32,47
3150,Estados Unidos Mexicanos,32  Zacatecas,15 000 a 19 999 hab.,40 a 44 años,633,555,277,278,78,28,50
3151,Estados Unidos Mexicanos,32  Zacatecas,15 000 a 19 999 hab.,45 a 49 años,491,429,217,212,62,14,48
3152,Estados Unidos Mexicanos,32  Zacatecas,15 000 a 19 999 hab.,50 a 54 años,437,361,174,187,76,29,47
3153,Estados Unidos Mexicanos,32  Zacatecas,15 000 a 19 999 hab.,55 a 59 años,319,263,128,135,56,18,38
3154,Estados Unidos Mexicanos,32  Zacatecas,15 000 a 19 999 hab.,60 a 64 años,256,204,103,101,52,21,31
3155,Estados Unidos Mexicanos,32  Zacatecas,15 000 a 19 999 hab.,65 y más años,675,488,213,275,187,69,118
3156,Estados Unidos Mexicanos,32  Zacatecas,20 000 a 49 999 hab.,Total,29172,26372,12736,13636,2800,1063,1737
3157,Estados Unidos Mexicanos,32  Zacatecas,20 000 a 49 999 hab.,15 a 19 años,6676,6491,3174,3317,185,80,105
3158,Estados Unidos Mexicanos,32  Zacatecas,20 000 a 49 999 hab.,20 a 24 años,4700,4479,2079,2400,221,80,141
3159,Estados Unidos Mexicanos,32  Zacatecas,20 000 a 49 999 hab.,25 a 29 años,3499,3267,1564,1703,232,89,143
3160,Estados Unidos Mexicanos,32  Zacatecas,20 000 a 49 999 hab.,30 a 34 años,2879,2660,1314,1346,219,84,135
3161,Estados Unidos Mexicanos,32  Zacatecas,20 000 a 49 999 hab.,35 a 39 años,2527,2287,1095,1192,240,92,148
3162,Estados Unidos Mexicanos,32  Zacatecas,20 000 a 49 999 hab.,40 a 44 años,2016,1811,885,926,205,67,138
3163,Estados Unidos Mexicanos,32  Zacatecas,20 000 a 49 999 hab.,45 a 49 años,1510,1323,641,682,187,69,118
3164,Estados Unidos Mexicanos,32  Zacatecas,20 000 a 49 999 hab.,50 a 54 años,1365,1120,530,590,245,82,163
3165,Estados Unidos Mexicanos,32  Zacatecas,20 000 a 49 999 hab.,55 a 59 años,1080,866,439,427,214,75,139
3166,Estados Unidos Mexicanos,32  Zacatecas,20 000 a 49 999 hab.,60 a 64 años,732,560,283,277,172,72,100
3167,Estados Unidos Mexicanos,32  Zacatecas,20 000 a 49 999 hab.,65 y más años,2188,1508,732,776,680,273,407
3168,Estados Unidos Mexicanos,32  Zacatecas,50 000 a 99 999 hab.,Total,77717,72044,34509,37535,5673,2024,3649
3169,Estados Unidos Mexicanos,32  Zacatecas,50 000 a 99 999 hab.,15 a 19 años,17860,17436,8496,8940,424,210,214
3170,Estados Unidos Mexicanos,32  Zacatecas,50 000 a 99 999 hab.,20 a 24 años,14227,13781,6612,7169,446,160,286
3171,Estados Unidos Mexicanos,32  Zacatecas,50 000 a 99 999 hab.,25 a 29 años,9611,9216,4417,4799,395,149,246
3172,Estados Unidos Mexicanos,32  Zacatecas,50 000 a 99 999 hab.,30 a 34 años,7324,6886,3251,3635,438,156,282
3173,Estados Unidos Mexicanos,32  Zacatecas,50 000 a 99 999 hab.,35 a 39 años,6067,5587,2629,2958,480,180,300
3174,Estados Unidos Mexicanos,32  Zacatecas,50 000 a 99 999 hab.,40 a 44 años,5039,4568,2183,2385,471,164,307
3175,Estados Unidos Mexicanos,32  Zacatecas,50 000 a 99 999 hab.,45 a 49 años,4234,3736,1768,1968,498,148,350
3176,Estados Unidos Mexicanos,32  Zacatecas,50 000 a 99 999 hab.,50 a 54 años,3581,3072,1494,1578,509,149,360
3177,Estados Unidos Mexicanos,32  Zacatecas,50 000 a 99 999 hab.,55 a 59 años,2936,2493,1263,1230,443,148,295
3178,Estados Unidos Mexicanos,32  Zacatecas,50 000 a 99 999 hab.,60 a 64 años,1959,1607,737,870,352,118,234
3179,Estados Unidos Mexicanos,32  Zacatecas,50 000 a 99 999 hab.,65 y más años,4879,3662,1659,2003,1217,442,775
3180,Estados Unidos Mexicanos,32  Zacatecas,100 000  y más hab.,Total,0,0,0,0,0,0,0
