,Estados Unidos Mexicanos,Entidad Federativa,Edad desplegada,Población de 6 a 14 años:Total,Población de 6 a 14 años:Hombres,Población de 6 a 14 años:Mujeres,Sabe leer y escribir :Total,Sabe leer y escribir :Hombres,Sabe leer y escribir :Mujeres,No sabe leer y escribir :Total,No sabe leer y escribir :Hombres,No sabe leer y escribir :Mujeres,No especificado :Total,No especificado :Hombres,No especificado :Mujeres
3,Estados Unidos Mexicanos,Total Nacional,De 6 a 14 años,18835378,9494321,9341057,16405382,8246147,8159235,2322125,1193112,1129013,107871,55062,52809
4,Estados Unidos Mexicanos,Total Nacional,6 años,2115168,1062813,1052355,844438,412893,431545,1222353,625182,597171,48377,24738,23639
5,Estados Unidos Mexicanos,Total Nacional,7 años,2089506,1059395,1030111,1727270,869848,857422,344334,180345,163989,17902,9202,8700
6,Estados Unidos Mexicanos,Total Nacional,8 años,2189467,1105859,1083608,1977928,995732,982196,200691,104619,96072,10848,5508,5340
7,Estados Unidos Mexicanos,Total Nacional,9 años,2052145,1035596,1016549,1925625,969996,955629,117721,61116,56605,8799,4484,4315
8,Estados Unidos Mexicanos,Total Nacional,10 años,2160100,1099429,1060671,2042012,1038295,1003717,112377,58188,54189,5711,2946,2765
9,Estados Unidos Mexicanos,Total Nacional,11 años,1926021,972013,954008,1844186,929649,914537,76185,39461,36724,5650,2903,2747
10,Estados Unidos Mexicanos,Total Nacional,12 años,2169290,1105953,1063337,2076294,1058638,1017656,89306,45434,43872,3690,1881,1809
11,Estados Unidos Mexicanos,Total Nacional,13 años,2043206,1020991,1022215,1962041,980608,981433,77815,38721,39094,3350,1662,1688
12,Estados Unidos Mexicanos,Total Nacional,14 años,2090475,1032272,1058203,2005588,990488,1015100,81343,40046,41297,3544,1738,1806
13,Estados Unidos Mexicanos,01 Aguascalientes,De 6 a 14 años,173620,87578,86042,155509,77812,77697,17450,9407,8043,661,359,302
14,Estados Unidos Mexicanos,01 Aguascalientes,6 años,19604,9921,9683,8244,3998,4246,10981,5709,5272,379,214,165
15,Estados Unidos Mexicanos,01 Aguascalientes,7 años,19544,10022,9522,16730,8447,8283,2712,1517,1195,102,58,44
16,Estados Unidos Mexicanos,01 Aguascalientes,8 años,20091,10125,9966,18904,9458,9446,1134,640,494,53,27,26
17,Estados Unidos Mexicanos,01 Aguascalientes,9 años,19410,9759,9651,18742,9368,9374,626,371,255,42,20,22
18,Estados Unidos Mexicanos,01 Aguascalientes,10 años,19542,9945,9597,19043,9665,9378,470,267,203,29,13,16
19,Estados Unidos Mexicanos,01 Aguascalientes,11 años,18076,9054,9022,17667,8818,8849,380,220,160,29,16,13
20,Estados Unidos Mexicanos,01 Aguascalientes,12 años,19554,9980,9574,19142,9731,9411,397,244,153,15,5,10
21,Estados Unidos Mexicanos,01 Aguascalientes,13 años,18696,9301,9395,18299,9066,9233,393,232,161,4,3,1
22,Estados Unidos Mexicanos,01 Aguascalientes,14 años,19103,9471,9632,18738,9261,9477,357,207,150,8,3,5
23,Estados Unidos Mexicanos,02 Baja California,De 6 a 14 años,327546,165100,162446,294187,147421,146766,30953,16388,14565,2406,1291,1115
24,Estados Unidos Mexicanos,02 Baja California,6 años,37373,18812,18561,16106,7841,8265,20220,10426,9794,1047,545,502
25,Estados Unidos Mexicanos,02 Baja California,7 años,36879,18791,18088,32218,16299,15919,4308,2310,1998,353,182,171
26,Estados Unidos Mexicanos,02 Baja California,8 años,37026,18878,18148,34850,17650,17200,1939,1085,854,237,143,94
27,Estados Unidos Mexicanos,02 Baja California,9 años,35840,18093,17747,34542,17376,17166,1100,607,493,198,110,88
28,Estados Unidos Mexicanos,02 Baja California,10 años,36222,18395,17827,35249,17836,17413,834,482,352,139,77,62
29,Estados Unidos Mexicanos,02 Baja California,11 años,33659,16945,16714,32853,16479,16374,647,373,274,159,93,66
30,Estados Unidos Mexicanos,02 Baja California,12 años,36576,18481,18095,35776,18013,17763,700,416,284,100,52,48
31,Estados Unidos Mexicanos,02 Baja California,13 años,36177,18036,18141,35461,17629,17832,628,362,266,88,45,43
32,Estados Unidos Mexicanos,02 Baja California,14 años,37794,18669,19125,37132,18298,18834,577,327,250,85,44,41
33,Estados Unidos Mexicanos,03 Baja California Sur,De 6 a 14 años,69917,35602,34315,62835,31843,30992,6670,3552,3118,412,207,205
34,Estados Unidos Mexicanos,03 Baja California Sur,6 años,7631,3853,3778,3090,1482,1608,4353,2267,2086,188,104,84
35,Estados Unidos Mexicanos,03 Baja California Sur,7 años,7473,3758,3715,6431,3198,3233,969,532,437,73,28,45
36,Estados Unidos Mexicanos,03 Baja California Sur,8 años,8067,4196,3871,7623,3949,3674,406,232,174,38,15,23
37,Estados Unidos Mexicanos,03 Baja California Sur,9 años,7897,4078,3819,7640,3937,3703,232,126,106,25,15,10
38,Estados Unidos Mexicanos,03 Baja California Sur,10 años,7912,4062,3850,7696,3940,3756,191,106,85,25,16,9
39,Estados Unidos Mexicanos,03 Baja California Sur,11 años,7415,3747,3668,7269,3666,3603,126,73,53,20,8,12
40,Estados Unidos Mexicanos,03 Baja California Sur,12 años,7945,4116,3829,7795,4031,3764,136,77,59,14,8,6
41,Estados Unidos Mexicanos,03 Baja California Sur,13 años,7568,3793,3775,7446,3723,3723,113,67,46,9,3,6
42,Estados Unidos Mexicanos,03 Baja California Sur,14 años,8009,3999,4010,7845,3917,3928,144,72,72,20,10,10
43,Estados Unidos Mexicanos,04 Campeche,De 6 a 14 años,125838,63466,62372,106388,53554,52834,18623,9494,9129,827,418,409
44,Estados Unidos Mexicanos,04 Campeche,6 años,14556,7230,7326,4852,2365,2487,9317,4679,4638,387,186,201
45,Estados Unidos Mexicanos,04 Campeche,7 años,14411,7293,7118,11407,5692,5715,2884,1537,1347,120,64,56
46,Estados Unidos Mexicanos,04 Campeche,8 años,15088,7616,7472,13282,6651,6631,1726,920,806,80,45,35
47,Estados Unidos Mexicanos,04 Campeche,9 años,13559,6884,6675,12485,6323,6162,1023,532,491,51,29,22
48,Estados Unidos Mexicanos,04 Campeche,10 años,14410,7288,7122,13377,6757,6620,993,508,485,40,23,17
49,Estados Unidos Mexicanos,04 Campeche,11 años,12726,6402,6324,12041,6079,5962,634,297,337,51,26,25
50,Estados Unidos Mexicanos,04 Campeche,12 años,14133,7366,6767,13384,6979,6405,717,374,343,32,13,19
51,Estados Unidos Mexicanos,04 Campeche,13 años,13358,6672,6686,12663,6333,6330,661,323,338,34,16,18
52,Estados Unidos Mexicanos,04 Campeche,14 años,13597,6715,6882,12897,6375,6522,668,324,344,32,16,16
53,Estados Unidos Mexicanos,05 Coahuila de Zaragoza,De 6 a 14 años,440376,222504,217872,400570,201094,199476,37492,20202,17290,2314,1208,1106
54,Estados Unidos Mexicanos,05 Coahuila de Zaragoza,6 años,46270,23281,22989,19634,9550,10084,25358,13064,12294,1278,667,611
55,Estados Unidos Mexicanos,05 Coahuila de Zaragoza,7 años,46525,23668,22857,41228,20721,20507,4939,2769,2170,358,178,180
56,Estados Unidos Mexicanos,05 Coahuila de Zaragoza,8 años,48288,24529,23759,46442,23481,22961,1680,963,717,166,85,81
57,Estados Unidos Mexicanos,05 Coahuila de Zaragoza,9 años,47410,24189,23221,46212,23475,22737,1041,624,417,157,90,67
58,Estados Unidos Mexicanos,05 Coahuila de Zaragoza,10 años,50275,25730,24545,49255,25087,24168,928,585,343,92,58,34
59,Estados Unidos Mexicanos,05 Coahuila de Zaragoza,11 años,47276,23800,23476,46388,23272,23116,790,481,309,98,47,51
60,Estados Unidos Mexicanos,05 Coahuila de Zaragoza,12 años,52050,26502,25548,51075,25885,25190,920,587,333,55,30,25
61,Estados Unidos Mexicanos,05 Coahuila de Zaragoza,13 años,50585,25253,25332,49626,24678,24948,909,554,355,50,21,29
62,Estados Unidos Mexicanos,05 Coahuila de Zaragoza,14 años,51697,25552,26145,50710,24945,25765,927,575,352,60,32,28
63,Estados Unidos Mexicanos,06 Colima,De 6 a 14 años,99176,50306,48870,88124,44270,43854,10687,5844,4843,365,192,173
64,Estados Unidos Mexicanos,06 Colima,6 años,10815,5477,5338,4659,2264,2395,5962,3112,2850,194,101,93
65,Estados Unidos Mexicanos,06 Colima,7 años,10848,5538,5310,9253,4658,4595,1540,850,690,55,30,25
66,Estados Unidos Mexicanos,06 Colima,8 años,11135,5631,5504,10263,5133,5130,846,484,362,26,14,12
67,Estados Unidos Mexicanos,06 Colima,9 años,10769,5419,5350,10251,5130,5121,496,279,217,22,10,12
68,Estados Unidos Mexicanos,06 Colima,10 años,11208,5787,5421,10732,5498,5234,464,283,181,12,6,6
69,Estados Unidos Mexicanos,06 Colima,11 años,10112,5146,4966,9779,4923,4856,317,214,103,16,9,7
70,Estados Unidos Mexicanos,06 Colima,12 años,11636,5924,5712,11233,5682,5551,390,234,156,13,8,5
71,Estados Unidos Mexicanos,06 Colima,13 años,11171,5676,5495,10841,5493,5348,315,175,140,15,8,7
72,Estados Unidos Mexicanos,06 Colima,14 años,11482,5708,5774,11113,5489,5624,357,213,144,12,6,6
73,Estados Unidos Mexicanos,07 Chiapas,De 6 a 14 años,830311,419997,410314,609328,313234,296094,212737,102606,110131,8246,4157,4089
74,Estados Unidos Mexicanos,07 Chiapas,6 años,102424,51562,50862,24844,12333,12511,74656,37749,36907,2924,1480,1444
75,Estados Unidos Mexicanos,07 Chiapas,7 años,95673,48334,47339,59482,30344,29138,34741,17268,17473,1450,722,728
76,Estados Unidos Mexicanos,07 Chiapas,8 años,105108,52841,52267,76208,38632,37576,27829,13679,14150,1071,530,541
77,Estados Unidos Mexicanos,07 Chiapas,9 años,88871,44769,44102,71723,36461,35262,16377,7883,8494,771,425,346
78,Estados Unidos Mexicanos,07 Chiapas,10 años,100503,51419,49084,83099,43131,39968,16805,7985,8820,599,303,296
79,Estados Unidos Mexicanos,07 Chiapas,11 años,80001,40491,39510,69060,35528,33532,10443,4713,5730,498,250,248
80,Estados Unidos Mexicanos,07 Chiapas,12 años,95066,49418,45648,82517,43950,38567,12196,5290,6906,353,178,175
81,Estados Unidos Mexicanos,07 Chiapas,13 años,81453,40671,40782,71455,36488,34967,9723,4058,5665,275,125,150
82,Estados Unidos Mexicanos,07 Chiapas,14 años,81212,40492,40720,70940,36367,34573,9967,3981,5986,305,144,161
83,Estados Unidos Mexicanos,08 Chihuahua,De 6 a 14 años,509158,257862,251296,453349,227841,225508,53321,28706,24615,2488,1315,1173
84,Estados Unidos Mexicanos,08 Chihuahua,6 años,57331,28975,28356,24629,11815,12814,31567,16570,14997,1135,590,545
85,Estados Unidos Mexicanos,08 Chihuahua,7 años,56853,28961,27892,49022,24680,24342,7381,4043,3338,450,238,212
86,Estados Unidos Mexicanos,08 Chihuahua,8 años,58020,29473,28547,53689,27075,26614,4104,2280,1824,227,118,109
87,Estados Unidos Mexicanos,08 Chihuahua,9 años,54839,27741,27098,52325,26333,25992,2340,1311,1029,174,97,77
88,Estados Unidos Mexicanos,08 Chihuahua,10 años,56063,28735,27328,53803,27469,26334,2160,1207,953,100,59,41
89,Estados Unidos Mexicanos,08 Chihuahua,11 años,52603,26787,25816,51079,25914,25165,1391,801,590,133,72,61
90,Estados Unidos Mexicanos,08 Chihuahua,12 años,57439,29056,28383,55752,28141,27611,1611,879,732,76,36,40
91,Estados Unidos Mexicanos,08 Chihuahua,13 años,56238,28266,27972,54814,27449,27365,1332,770,562,92,47,45
92,Estados Unidos Mexicanos,08 Chihuahua,14 años,59772,29868,29904,58236,28965,29271,1435,845,590,101,58,43
93,Estados Unidos Mexicanos,09 Distrito Federal,De 6 a 14 años,1505685,755997,749688,1403922,703525,700397,95460,49184,46276,6303,3288,3015
94,Estados Unidos Mexicanos,09 Distrito Federal,6 años,169269,85515,83754,94818,47158,47660,71281,36731,34550,3170,1626,1544
95,Estados Unidos Mexicanos,09 Distrito Federal,7 años,165895,84020,81875,153843,77653,76190,11119,5882,5237,933,485,448
96,Estados Unidos Mexicanos,09 Distrito Federal,8 años,168571,85301,83270,164632,83211,81421,3404,1810,1594,535,280,255
97,Estados Unidos Mexicanos,09 Distrito Federal,9 años,164184,82609,81575,161576,81209,80367,2112,1146,966,496,254,242
98,Estados Unidos Mexicanos,09 Distrito Federal,10 años,163554,82751,80803,161570,81706,79864,1704,879,825,280,166,114
99,Estados Unidos Mexicanos,09 Distrito Federal,11 años,154608,78114,76494,153016,77278,75738,1293,672,621,299,164,135
100,Estados Unidos Mexicanos,09 Distrito Federal,12 años,169772,85617,84155,168124,84787,83337,1476,735,741,172,95,77
101,Estados Unidos Mexicanos,09 Distrito Federal,13 años,170425,84838,85587,168754,84072,84682,1457,660,797,214,106,108
102,Estados Unidos Mexicanos,09 Distrito Federal,14 años,179407,87232,92175,177589,86451,91138,1614,669,945,204,112,92
103,Estados Unidos Mexicanos,10 Durango,De 6 a 14 años,336365,170243,166122,297105,149066,148039,37809,20407,17402,1451,770,681
104,Estados Unidos Mexicanos,10 Durango,6 años,36475,18375,18100,13763,6567,7196,21895,11372,10523,817,436,381
105,Estados Unidos Mexicanos,10 Durango,7 años,36473,18547,17926,30517,15314,15203,5713,3103,2610,243,130,113
106,Estados Unidos Mexicanos,10 Durango,8 años,37543,19069,18474,34484,17329,17155,2930,1678,1252,129,62,67
107,Estados Unidos Mexicanos,10 Durango,9 años,35886,18252,17634,34216,17302,16914,1584,907,677,86,43,43
108,Estados Unidos Mexicanos,10 Durango,10 años,38138,19467,18671,36559,18566,17993,1518,872,646,61,29,32
109,Estados Unidos Mexicanos,10 Durango,11 años,35766,18106,17660,34726,17492,17234,1001,588,413,39,26,13
110,Estados Unidos Mexicanos,10 Durango,12 años,39821,20469,19352,38644,19752,18892,1142,695,447,35,22,13
111,Estados Unidos Mexicanos,10 Durango,13 años,37542,18863,18679,36537,18284,18253,984,569,415,21,10,11
112,Estados Unidos Mexicanos,10 Durango,14 años,38721,19095,19626,37659,18460,19199,1042,623,419,20,12,8
113,Estados Unidos Mexicanos,11 Guanajuato,De 6 a 14 años,988748,496557,492191,848404,423564,424840,133366,69466,63900,6978,3527,3451
114,Estados Unidos Mexicanos,11 Guanajuato,6 años,109885,55175,54710,35984,17564,18420,70898,36138,34760,3003,1473,1530
115,Estados Unidos Mexicanos,11 Guanajuato,7 años,108649,54693,53956,87547,43507,44040,19994,10578,9416,1108,608,500
116,Estados Unidos Mexicanos,11 Guanajuato,8 años,114745,57800,56945,103233,51598,51635,10809,5837,4972,703,365,338
117,Estados Unidos Mexicanos,11 Guanajuato,9 años,107632,53909,53723,100793,50311,50482,6301,3322,2979,538,276,262
118,Estados Unidos Mexicanos,11 Guanajuato,10 años,114115,58046,56069,107654,54583,53071,6015,3248,2767,446,215,231
119,Estados Unidos Mexicanos,11 Guanajuato,11 años,101727,51375,50352,97058,48787,48271,4329,2411,1918,340,177,163
120,Estados Unidos Mexicanos,11 Guanajuato,12 años,113972,57989,55983,108474,55002,53472,5206,2836,2370,292,151,141
121,Estados Unidos Mexicanos,11 Guanajuato,13 años,107583,53614,53969,102532,50980,51552,4789,2506,2283,262,128,134
122,Estados Unidos Mexicanos,11 Guanajuato,14 años,110440,53956,56484,105129,51232,53897,5025,2590,2435,286,134,152
123,Estados Unidos Mexicanos,12 Guerrero,De 6 a 14 años,681472,344011,337461,546088,275356,270732,131071,66519,64552,4313,2136,2177
124,Estados Unidos Mexicanos,12 Guerrero,6 años,77223,38601,38622,22305,10768,11537,53206,26971,26235,1712,862,850
125,Estados Unidos Mexicanos,12 Guerrero,7 años,76704,39013,37691,55505,28122,27383,20422,10500,9922,777,391,386
126,Estados Unidos Mexicanos,12 Guerrero,8 años,83367,41953,41414,67863,33999,33864,15008,7710,7298,496,244,252
127,Estados Unidos Mexicanos,12 Guerrero,9 años,73298,36900,36398,63875,32052,31823,8974,4629,4345,449,219,230
128,Estados Unidos Mexicanos,12 Guerrero,10 años,80938,41181,39757,71389,36364,35025,9294,4697,4597,255,120,135
129,Estados Unidos Mexicanos,12 Guerrero,11 años,65985,33502,32483,60042,30426,29616,5728,2981,2747,215,95,120
130,Estados Unidos Mexicanos,12 Guerrero,12 años,79617,41037,38580,72619,37484,35135,6842,3476,3366,156,77,79
131,Estados Unidos Mexicanos,12 Guerrero,13 años,71464,35677,35787,65688,32882,32806,5657,2731,2926,119,64,55
132,Estados Unidos Mexicanos,12 Guerrero,14 años,72876,36147,36729,66802,33259,33543,5940,2824,3116,134,64,70
133,Estados Unidos Mexicanos,13 Hidalgo,De 6 a 14 años,476165,240336,235829,414034,209134,204900,59434,29838,29596,2697,1364,1333
134,Estados Unidos Mexicanos,13 Hidalgo,6 años,53421,26780,26641,19327,9554,9773,32788,16574,16214,1306,652,654
135,Estados Unidos Mexicanos,13 Hidalgo,7 años,53276,26824,26452,44269,22220,22049,8559,4375,4184,448,229,219
136,Estados Unidos Mexicanos,13 Hidalgo,8 años,56649,28346,28303,51696,25879,25817,4681,2326,2355,272,141,131
137,Estados Unidos Mexicanos,13 Hidalgo,9 años,52770,26645,26125,49868,25226,24642,2691,1321,1370,211,98,113
138,Estados Unidos Mexicanos,13 Hidalgo,10 años,56096,28529,27567,53260,27106,26154,2714,1355,1359,122,68,54
139,Estados Unidos Mexicanos,13 Hidalgo,11 años,47665,24149,23516,45801,23230,22571,1760,871,889,104,48,56
140,Estados Unidos Mexicanos,13 Hidalgo,12 años,55098,28249,26849,52784,27116,25668,2238,1092,1146,76,41,35
141,Estados Unidos Mexicanos,13 Hidalgo,13 años,50723,25416,25307,48739,24457,24282,1912,921,991,72,38,34
142,Estados Unidos Mexicanos,13 Hidalgo,14 años,50467,25398,25069,48290,24346,23944,2091,1003,1088,86,49,37
143,Estados Unidos Mexicanos,14 Jalisco,De 6 a 14 años,1236888,623163,613725,1099177,550226,548951,132168,70090,62078,5543,2847,2696
144,Estados Unidos Mexicanos,14 Jalisco,6 años,141257,70880,70377,59484,28833,30651,79330,40803,38527,2443,1244,1199
145,Estados Unidos Mexicanos,14 Jalisco,7 años,137495,70150,67345,117296,59279,58017,19272,10364,8908,927,507,420
146,Estados Unidos Mexicanos,14 Jalisco,8 años,140787,71256,69531,130458,65567,64891,9774,5407,4367,555,282,273
147,Estados Unidos Mexicanos,14 Jalisco,9 años,135682,68686,66996,129569,65356,64213,5660,3113,2547,453,217,236
148,Estados Unidos Mexicanos,14 Jalisco,10 años,139037,70664,68373,134125,67926,66199,4655,2613,2042,257,125,132
149,Estados Unidos Mexicanos,14 Jalisco,11 años,128942,64973,63969,125171,62828,62343,3437,1968,1469,334,177,157
150,Estados Unidos Mexicanos,14 Jalisco,12 años,141571,71738,69833,137824,69599,68225,3566,2044,1522,181,95,86
151,Estados Unidos Mexicanos,14 Jalisco,13 años,135136,67336,67800,131830,65396,66434,3115,1845,1270,191,95,96
152,Estados Unidos Mexicanos,14 Jalisco,14 años,136981,67480,69501,133420,65442,67978,3359,1933,1426,202,105,97
153,Estados Unidos Mexicanos,15 México,De 6 a 14 años,2274588,1143225,1131363,2079003,1044863,1034140,185394,93224,92170,10191,5138,5053
154,Estados Unidos Mexicanos,15 México,6 años,259116,129799,129317,140880,69754,71126,113798,57779,56019,4438,2266,2172
155,Estados Unidos Mexicanos,15 México,7 años,254029,128163,125866,227688,114705,112983,24704,12632,12072,1637,826,811
156,Estados Unidos Mexicanos,15 México,8 años,264132,133174,130958,250002,126114,123888,13183,6608,6575,947,452,495
157,Estados Unidos Mexicanos,15 México,9 años,249122,125940,123182,240587,121624,118963,7548,3807,3741,987,509,478
158,Estados Unidos Mexicanos,15 México,10 años,258450,131415,127035,251183,127783,123400,6731,3359,3372,536,273,263
159,Estados Unidos Mexicanos,15 México,11 años,230729,116034,114695,225613,113570,112043,4520,2165,2355,596,299,297
160,Estados Unidos Mexicanos,15 México,12 años,259880,131485,128395,254230,128792,125438,5301,2514,2787,349,179,170
161,Estados Unidos Mexicanos,15 México,13 años,246573,123076,123497,241617,120776,120841,4613,2141,2472,343,159,184
162,Estados Unidos Mexicanos,15 México,14 años,252557,124139,128418,247203,121745,125458,4996,2219,2777,358,175,183
163,Estados Unidos Mexicanos,16 Michoacán de Ocampo,De 6 a 14 años,889351,447774,441577,734266,366639,367627,145880,76513,69367,9205,4622,4583
164,Estados Unidos Mexicanos,16 Michoacán de Ocampo,6 años,98765,49391,49374,28321,13772,14549,67029,33909,33120,3415,1710,1705
165,Estados Unidos Mexicanos,16 Michoacán de Ocampo,7 años,95733,48735,46998,72568,36548,36020,21698,11443,10255,1467,744,723
166,Estados Unidos Mexicanos,16 Michoacán de Ocampo,8 años,102720,51719,51001,87346,43584,43762,14278,7596,6682,1096,539,557
167,Estados Unidos Mexicanos,16 Michoacán de Ocampo,9 años,95474,47978,47496,85707,42764,42943,8899,4777,4122,868,437,431
168,Estados Unidos Mexicanos,16 Michoacán de Ocampo,10 años,103777,52788,50989,94321,47702,46619,8821,4761,4060,635,325,310
169,Estados Unidos Mexicanos,16 Michoacán de Ocampo,11 años,89475,45290,44185,82904,41672,41232,6034,3337,2697,537,281,256
170,Estados Unidos Mexicanos,16 Michoacán de Ocampo,12 años,105388,53724,51664,97965,49559,48406,6976,3940,3036,447,225,222
171,Estados Unidos Mexicanos,16 Michoacán de Ocampo,13 años,98188,48867,49321,91782,45296,46486,6055,3384,2671,351,187,164
172,Estados Unidos Mexicanos,16 Michoacán de Ocampo,14 años,99831,49282,50549,93352,45742,47610,6090,3366,2724,389,174,215
173,Estados Unidos Mexicanos,17 Morelos,De 6 a 14 años,275350,138676,136674,246650,123797,122853,27737,14386,13351,963,493,470
174,Estados Unidos Mexicanos,17 Morelos,6 años,30198,15047,15151,12085,5848,6237,17571,8931,8640,542,268,274
175,Estados Unidos Mexicanos,17 Morelos,7 años,29627,15285,14342,25692,13205,12487,3763,1993,1770,172,87,85
176,Estados Unidos Mexicanos,17 Morelos,8 años,31552,15930,15622,29856,15026,14830,1623,861,762,73,43,30
177,Estados Unidos Mexicanos,17 Morelos,9 años,30132,15146,14986,29144,14621,14523,925,491,434,63,34,29
178,Estados Unidos Mexicanos,17 Morelos,10 años,31557,16144,15413,30626,15660,14966,906,472,434,25,12,13
179,Estados Unidos Mexicanos,17 Morelos,11 años,28171,14224,13947,27466,13824,13642,668,379,289,37,21,16
180,Estados Unidos Mexicanos,17 Morelos,12 años,32296,16402,15894,31448,15910,15538,827,478,349,21,14,7
181,Estados Unidos Mexicanos,17 Morelos,13 años,30180,14892,15288,29423,14489,14934,740,395,345,17,8,9
182,Estados Unidos Mexicanos,17 Morelos,14 años,31637,15606,16031,30910,15214,15696,714,386,328,13,6,7
183,Estados Unidos Mexicanos,18 Nayarit,De 6 a 14 años,199975,101250,98725,178023,89471,88552,20218,10892,9326,1734,887,847
184,Estados Unidos Mexicanos,18 Nayarit,6 años,21737,10951,10786,9905,4851,5054,11159,5747,5412,673,353,320
185,Estados Unidos Mexicanos,18 Nayarit,7 años,21319,10813,10506,18064,9004,9060,2963,1661,1302,292,148,144
186,Estados Unidos Mexicanos,18 Nayarit,8 años,22212,11261,10951,20379,10237,10142,1673,935,738,160,89,71
187,Estados Unidos Mexicanos,18 Nayarit,9 años,21797,11132,10665,20675,10520,10155,949,528,421,173,84,89
188,Estados Unidos Mexicanos,18 Nayarit,10 años,22605,11477,11128,21665,10944,10721,837,479,358,103,54,49
189,Estados Unidos Mexicanos,18 Nayarit,11 años,20944,10594,10350,20211,10163,10048,622,378,244,111,53,58
190,Estados Unidos Mexicanos,18 Nayarit,12 años,23767,12244,11523,22971,11815,11156,722,395,327,74,34,40
191,Estados Unidos Mexicanos,18 Nayarit,13 años,22415,11306,11109,21749,10916,10833,596,358,238,70,32,38
192,Estados Unidos Mexicanos,18 Nayarit,14 años,23179,11472,11707,22404,11021,11383,697,411,286,78,40,38
193,Estados Unidos Mexicanos,19 Nuevo León,De 6 a 14 años,652006,329917,322089,611130,307701,303429,38476,20964,17512,2400,1252,1148
194,Estados Unidos Mexicanos,19 Nuevo León,6 años,68663,34770,33893,41265,20269,20996,26080,13801,12279,1318,700,618
195,Estados Unidos Mexicanos,19 Nuevo León,7 años,71122,36213,34909,65928,33293,32635,4839,2748,2091,355,172,183
196,Estados Unidos Mexicanos,19 Nuevo León,8 años,72132,36711,35421,70007,35518,34489,1907,1071,836,218,122,96
197,Estados Unidos Mexicanos,19 Nuevo León,9 años,70630,35895,34735,69371,35159,34212,1113,660,453,146,76,70
198,Estados Unidos Mexicanos,19 Nuevo León,10 años,73843,37646,36197,72727,37010,35717,1022,596,426,94,40,54
199,Estados Unidos Mexicanos,19 Nuevo León,11 años,69578,35267,34311,68615,34695,33920,856,517,339,107,55,52
200,Estados Unidos Mexicanos,19 Nuevo León,12 años,75167,38208,36959,74202,37641,36561,914,539,375,51,28,23
201,Estados Unidos Mexicanos,19 Nuevo León,13 años,74416,37320,37096,73443,36740,36703,915,547,368,58,33,25
202,Estados Unidos Mexicanos,19 Nuevo León,14 años,76455,37887,38568,75572,37376,38196,830,485,345,53,26,27
203,Estados Unidos Mexicanos,20 Oaxaca,De 6 a 14 años,784499,396782,387717,646458,328029,318429,133390,66363,67027,4651,2390,2261
204,Estados Unidos Mexicanos,20 Oaxaca,6 años,90159,45369,44790,26675,12997,13678,61466,31294,30172,2018,1078,940
205,Estados Unidos Mexicanos,20 Oaxaca,7 años,89393,45293,44100,67086,33918,33168,21447,10922,10525,860,453,407
206,Estados Unidos Mexicanos,20 Oaxaca,8 años,96812,48596,48216,82528,41418,41110,13736,6896,6840,548,282,266
207,Estados Unidos Mexicanos,20 Oaxaca,9 años,85425,43108,42317,77622,39244,38378,7419,3679,3740,384,185,199
208,Estados Unidos Mexicanos,20 Oaxaca,10 años,95536,48899,46637,87290,44789,42501,7998,3989,4009,248,121,127
209,Estados Unidos Mexicanos,20 Oaxaca,11 años,77458,39216,38242,72562,36894,35668,4685,2225,2460,211,97,114
210,Estados Unidos Mexicanos,20 Oaxaca,12 años,91629,47121,44508,85387,44298,41089,6080,2749,3331,162,74,88
211,Estados Unidos Mexicanos,20 Oaxaca,13 años,79466,40044,39422,74206,37739,36467,5137,2247,2890,123,58,65
212,Estados Unidos Mexicanos,20 Oaxaca,14 años,78621,39136,39485,73102,36732,36370,5422,2362,3060,97,42,55
213,Estados Unidos Mexicanos,21 Puebla,De 6 a 14 años,1038804,521935,516869,874976,440775,434201,157217,77881,79336,6611,3279,3332
214,Estados Unidos Mexicanos,21 Puebla,6 años,117056,58329,58727,38029,18569,19460,75971,38237,37734,3056,1523,1533
215,Estados Unidos Mexicanos,21 Puebla,7 años,115744,58307,57437,90854,45700,45154,23763,12049,11714,1127,558,569
216,Estados Unidos Mexicanos,21 Puebla,8 años,125204,63018,62186,110411,55651,54760,14173,7055,7118,620,312,308
217,Estados Unidos Mexicanos,21 Puebla,9 años,113815,57356,56459,104804,52991,51813,8487,4118,4369,524,247,277
218,Estados Unidos Mexicanos,21 Puebla,10 años,122312,61966,60346,113545,57717,55828,8414,4071,4343,353,178,175
219,Estados Unidos Mexicanos,21 Puebla,11 años,104456,52655,51801,98113,49571,48542,6013,2926,3087,330,158,172
220,Estados Unidos Mexicanos,21 Puebla,12 años,120742,61508,59234,113226,57955,55271,7317,3452,3865,199,101,98
221,Estados Unidos Mexicanos,21 Puebla,13 años,108724,54234,54490,102158,51243,50915,6377,2891,3486,189,100,89
222,Estados Unidos Mexicanos,21 Puebla,14 años,110751,54562,56189,103836,51378,52458,6702,3082,3620,213,102,111
223,Estados Unidos Mexicanos,22 Querétaro de Arteaga,De 6 a 14 años,259424,129797,129627,225229,112755,112474,32860,16353,16507,1335,689,646
224,Estados Unidos Mexicanos,22 Querétaro de Arteaga,6 años,29258,14556,14702,9601,4703,4898,19046,9555,9491,611,298,313
225,Estados Unidos Mexicanos,22 Querétaro de Arteaga,7 años,29297,14831,14466,24242,12182,12060,4852,2537,2315,203,112,91
226,Estados Unidos Mexicanos,22 Querétaro de Arteaga,8 años,31020,15485,15535,28417,14202,14215,2474,1209,1265,129,74,55
227,Estados Unidos Mexicanos,22 Querétaro de Arteaga,9 años,29185,14545,14640,27636,13790,13846,1438,700,738,111,55,56
228,Estados Unidos Mexicanos,22 Querétaro de Arteaga,10 años,29985,15155,14830,28682,14541,14141,1241,586,655,62,28,34
229,Estados Unidos Mexicanos,22 Querétaro de Arteaga,11 años,26271,13187,13084,25323,12734,12589,869,408,461,79,45,34
230,Estados Unidos Mexicanos,22 Querétaro de Arteaga,12 años,29360,14871,14489,28231,14326,13905,1073,517,556,56,28,28
231,Estados Unidos Mexicanos,22 Querétaro de Arteaga,13 años,27233,13612,13621,26248,13158,13090,944,427,517,41,27,14
232,Estados Unidos Mexicanos,22 Querétaro de Arteaga,14 años,27815,13555,14260,26849,13119,13730,923,414,509,43,22,21
233,Estados Unidos Mexicanos,23 Quintana Roo,De 6 a 14 años,111012,56467,54545,94686,48091,46595,15434,7922,7512,892,454,438
234,Estados Unidos Mexicanos,23 Quintana Roo,6 años,13532,6860,6672,5033,2455,2578,8111,4203,3908,388,202,186
235,Estados Unidos Mexicanos,23 Quintana Roo,7 años,13092,6684,6408,10494,5338,5156,2461,1273,1188,137,73,64
236,Estados Unidos Mexicanos,23 Quintana Roo,8 años,13334,6782,6552,11838,6022,5816,1388,714,674,108,46,62
237,Estados Unidos Mexicanos,23 Quintana Roo,9 años,12274,6253,6021,11418,5809,5609,783,410,373,73,34,39
238,Estados Unidos Mexicanos,23 Quintana Roo,10 años,12611,6421,6190,11870,6036,5834,701,361,340,40,24,16
239,Estados Unidos Mexicanos,23 Quintana Roo,11 años,11167,5694,5473,10643,5417,5226,477,251,226,47,26,21
240,Estados Unidos Mexicanos,23 Quintana Roo,12 años,12395,6427,5968,11830,6168,5662,535,244,291,30,15,15
241,Estados Unidos Mexicanos,23 Quintana Roo,13 años,11315,5653,5662,10801,5426,5375,485,215,270,29,12,17
242,Estados Unidos Mexicanos,23 Quintana Roo,14 años,11292,5693,5599,10759,5420,5339,493,251,242,40,22,18
243,Estados Unidos Mexicanos,24 San Luis Potosí,De 6 a 14 años,494228,248888,245340,432648,216498,216150,58225,30662,27563,3355,1728,1627
244,Estados Unidos Mexicanos,24 San Luis Potosí,6 años,55895,28027,27868,19880,9543,10337,34281,17581,16700,1734,903,831
245,Estados Unidos Mexicanos,24 San Luis Potosí,7 años,55929,28376,27553,46982,23576,23406,8399,4521,3878,548,279,269
246,Estados Unidos Mexicanos,24 San Luis Potosí,8 años,57132,28858,28274,52586,26393,26193,4236,2310,1926,310,155,155
247,Estados Unidos Mexicanos,24 San Luis Potosí,9 años,54267,27087,27180,51632,25710,25922,2436,1281,1155,199,96,103
248,Estados Unidos Mexicanos,24 San Luis Potosí,10 años,56809,28839,27970,54518,27565,26953,2148,1191,957,143,83,60
249,Estados Unidos Mexicanos,24 San Luis Potosí,11 años,51083,25749,25334,49362,24793,24569,1568,874,694,153,82,71
250,Estados Unidos Mexicanos,24 San Luis Potosí,12 años,56245,28599,27646,54366,27551,26815,1784,1002,782,95,46,49
251,Estados Unidos Mexicanos,24 San Luis Potosí,13 años,53542,26884,26658,51777,25907,25870,1668,928,740,97,49,48
252,Estados Unidos Mexicanos,24 San Luis Potosí,14 años,53326,26469,26857,51545,25460,26085,1705,974,731,76,35,41
253,Estados Unidos Mexicanos,25 Sinaloa,De 6 a 14 años,522476,264307,258169,467097,234107,232990,52376,28641,23735,3003,1559,1444
254,Estados Unidos Mexicanos,25 Sinaloa,6 años,55017,27662,27355,25154,12016,13138,28375,14866,13509,1488,780,708
255,Estados Unidos Mexicanos,25 Sinaloa,7 años,54646,27878,26768,47570,23943,23627,6620,3700,2920,456,235,221
256,Estados Unidos Mexicanos,25 Sinaloa,8 años,58790,29802,28988,54352,27334,27018,4173,2330,1843,265,138,127
257,Estados Unidos Mexicanos,25 Sinaloa,9 años,56753,28448,28305,54011,26907,27104,2511,1422,1089,231,119,112
258,Estados Unidos Mexicanos,25 Sinaloa,10 años,59753,30568,29185,57009,28989,28020,2603,1504,1099,141,75,66
259,Estados Unidos Mexicanos,25 Sinaloa,11 años,55080,27699,27381,53055,26512,26543,1875,1112,763,150,75,75
260,Estados Unidos Mexicanos,25 Sinaloa,12 años,61540,31431,30109,59218,30078,29140,2238,1300,938,84,53,31
261,Estados Unidos Mexicanos,25 Sinaloa,13 años,59077,29786,29291,57067,28581,28486,1929,1169,760,81,36,45
262,Estados Unidos Mexicanos,25 Sinaloa,14 años,61820,31033,30787,59661,29747,29914,2052,1238,814,107,48,59
263,Estados Unidos Mexicanos,26 Sonora,De 6 a 14 años,396069,199874,196195,359643,180082,179561,34581,18858,15723,1845,934,911
264,Estados Unidos Mexicanos,26 Sonora,6 años,42585,21564,21021,18270,8791,9479,23411,12326,11085,904,447,457
265,Estados Unidos Mexicanos,26 Sonora,7 años,43090,21773,21317,38121,19001,19120,4691,2627,2064,278,145,133
266,Estados Unidos Mexicanos,26 Sonora,8 años,44728,22719,22009,42717,21534,21183,1863,1119,744,148,66,82
267,Estados Unidos Mexicanos,26 Sonora,9 años,43321,21877,21444,42149,21179,20970,1044,635,409,128,63,65
268,Estados Unidos Mexicanos,26 Sonora,10 años,44883,22615,22268,43985,22077,21908,794,483,311,104,55,49
269,Estados Unidos Mexicanos,26 Sonora,11 años,41453,20833,20620,40700,20399,20301,654,382,272,99,52,47
270,Estados Unidos Mexicanos,26 Sonora,12 años,45692,23311,22381,44892,22830,22062,736,444,292,64,37,27
271,Estados Unidos Mexicanos,26 Sonora,13 años,43933,22177,21756,43166,21728,21438,705,419,286,62,30,32
272,Estados Unidos Mexicanos,26 Sonora,14 años,46384,23005,23379,45643,22543,23100,683,423,260,58,39,19
273,Estados Unidos Mexicanos,27 Tabasco,De 6 a 14 años,379125,190410,188715,324067,162175,161892,52045,26712,25333,3013,1523,1490
274,Estados Unidos Mexicanos,27 Tabasco,6 años,43336,21685,21651,12351,5929,6422,29702,15099,14603,1283,657,626
275,Estados Unidos Mexicanos,27 Tabasco,7 años,42656,21558,21098,34008,17008,17000,8068,4245,3823,580,305,275
276,Estados Unidos Mexicanos,27 Tabasco,8 años,45383,22751,22632,40840,20374,20466,4224,2218,2006,319,159,160
277,Estados Unidos Mexicanos,27 Tabasco,9 años,41494,20881,20613,38901,19479,19422,2334,1281,1053,259,121,138
278,Estados Unidos Mexicanos,27 Tabasco,10 años,44280,22566,21714,42126,21434,20692,2009,1054,955,145,78,67
279,Estados Unidos Mexicanos,27 Tabasco,11 años,38509,19463,19046,37028,18713,18315,1316,672,644,165,78,87
280,Estados Unidos Mexicanos,27 Tabasco,12 años,43192,22090,21102,41593,21274,20319,1496,759,737,103,57,46
281,Estados Unidos Mexicanos,27 Tabasco,13 años,39816,19681,20135,38334,18976,19358,1407,671,736,75,34,41
282,Estados Unidos Mexicanos,27 Tabasco,14 años,40459,19735,20724,38886,18988,19898,1489,713,776,84,34,50
283,Estados Unidos Mexicanos,28 Tamaulipas,De 6 a 14 años,476740,240863,235877,429751,215632,214119,44498,23955,20543,2491,1276,1215
284,Estados Unidos Mexicanos,28 Tamaulipas,6 años,51685,26069,25616,22115,10740,11375,28366,14715,13651,1204,614,590
285,Estados Unidos Mexicanos,28 Tamaulipas,7 años,51143,25892,25251,44428,22215,22213,6329,3483,2846,386,194,192
286,Estados Unidos Mexicanos,28 Tamaulipas,8 años,53602,27201,26401,50737,25556,25181,2666,1537,1129,199,108,91
287,Estados Unidos Mexicanos,28 Tamaulipas,9 años,51495,26251,25244,49838,25296,24542,1469,858,611,188,97,91
288,Estados Unidos Mexicanos,28 Tamaulipas,10 años,53721,27317,26404,52330,26496,25834,1270,760,510,121,61,60
289,Estados Unidos Mexicanos,28 Tamaulipas,11 años,50504,25457,25047,49337,24775,24562,998,593,405,169,89,80
290,Estados Unidos Mexicanos,28 Tamaulipas,12 años,54896,28037,26859,53650,27302,26348,1163,701,462,83,34,49
291,Estados Unidos Mexicanos,28 Tamaulipas,13 años,54230,27116,27114,53066,26433,26633,1094,641,453,70,42,28
292,Estados Unidos Mexicanos,28 Tamaulipas,14 años,55464,27523,27941,54250,26819,27431,1143,667,476,71,37,34
293,Estados Unidos Mexicanos,29 Tlaxcala,De 6 a 14 años,190478,95843,94635,172756,86864,85892,16998,8620,8378,724,359,365
294,Estados Unidos Mexicanos,29 Tlaxcala,6 años,21331,10614,10717,8891,4362,4529,12020,6053,5967,420,199,221
295,Estados Unidos Mexicanos,29 Tlaxcala,7 años,21038,10670,10368,18801,9488,9313,2115,1111,1004,122,71,51
296,Estados Unidos Mexicanos,29 Tlaxcala,8 años,22467,11317,11150,21684,10896,10788,733,395,338,50,26,24
297,Estados Unidos Mexicanos,29 Tlaxcala,9 años,21067,10507,10560,20622,10276,10346,407,207,200,38,24,14
298,Estados Unidos Mexicanos,29 Tlaxcala,10 años,21977,11304,10673,21566,11079,10487,391,217,174,20,8,12
299,Estados Unidos Mexicanos,29 Tlaxcala,11 años,19375,9740,9635,19088,9603,9485,257,122,135,30,15,15
300,Estados Unidos Mexicanos,29 Tlaxcala,12 años,22184,11277,10907,21795,11081,10714,373,192,181,16,4,12
301,Estados Unidos Mexicanos,29 Tlaxcala,13 años,20271,10094,10177,19907,9934,9973,345,151,194,19,9,10
302,Estados Unidos Mexicanos,29 Tlaxcala,14 años,20768,10320,10448,20402,10145,10257,357,172,185,9,3,6
303,Estados Unidos Mexicanos,30 Veracruz - Llave,De 6 a 14 años,1456203,735877,720326,1204171,607091,597080,244446,124878,119568,7586,3908,3678
304,Estados Unidos Mexicanos,30 Veracruz - Llave,6 años,162832,82174,80658,51714,25320,26394,107687,55060,52627,3431,1794,1637
305,Estados Unidos Mexicanos,30 Veracruz - Llave,7 años,164839,83551,81288,124055,62366,61689,39364,20477,18887,1420,708,712
306,Estados Unidos Mexicanos,30 Veracruz - Llave,8 años,172323,87516,84807,146259,74087,72172,25239,13009,12230,825,420,405
307,Estados Unidos Mexicanos,30 Veracruz - Llave,9 años,160271,81198,79073,144066,72910,71156,15637,7997,7640,568,291,277
308,Estados Unidos Mexicanos,30 Veracruz - Llave,10 años,168426,85811,82615,153582,78158,75424,14455,7450,7005,389,203,186
309,Estados Unidos Mexicanos,30 Veracruz - Llave,11 años,148528,74758,73770,138180,69470,68710,9988,5093,4895,360,195,165
310,Estados Unidos Mexicanos,30 Veracruz - Llave,12 años,166393,85248,81145,154822,79479,75343,11364,5665,5699,207,104,103
311,Estados Unidos Mexicanos,30 Veracruz - Llave,13 años,155573,77788,77785,145248,72744,72504,10126,4940,5186,199,104,95
312,Estados Unidos Mexicanos,30 Veracruz - Llave,14 años,157018,77833,79185,146245,72557,73688,10586,5187,5399,187,89,98
313,Estados Unidos Mexicanos,31 Yucatán,De 6 a 14 años,308736,156030,152706,260795,131504,129291,46623,23859,22764,1318,667,651
314,Estados Unidos Mexicanos,31 Yucatán,6 años,35433,17811,17622,11966,5877,6089,22857,11624,11233,610,310,300
315,Estados Unidos Mexicanos,31 Yucatán,7 años,35191,18000,17191,27097,13716,13381,7865,4166,3699,229,118,111
316,Estados Unidos Mexicanos,31 Yucatán,8 años,35663,17912,17751,31207,15571,15636,4345,2280,2065,111,61,50
317,Estados Unidos Mexicanos,31 Yucatán,9 años,33041,16658,16383,30599,15340,15259,2359,1270,1089,83,48,35
318,Estados Unidos Mexicanos,31 Yucatán,10 años,34045,17460,16585,31907,16366,15541,2093,1073,1020,45,21,24
319,Estados Unidos Mexicanos,31 Yucatán,11 años,31808,16086,15722,30187,15278,14909,1544,768,776,77,40,37
320,Estados Unidos Mexicanos,31 Yucatán,12 años,35417,18250,17167,33505,17283,16222,1869,949,920,43,18,25
321,Estados Unidos Mexicanos,31 Yucatán,13 años,33768,16921,16847,31950,16053,15897,1767,849,918,51,19,32
322,Estados Unidos Mexicanos,31 Yucatán,14 años,34370,16932,17438,32377,16020,16357,1924,880,1044,69,32,37
323,Estados Unidos Mexicanos,32 Zacatecas,De 6 a 14 años,325049,163684,161365,285013,142133,142880,38486,20726,17760,1550,825,725
324,Estados Unidos Mexicanos,32 Zacatecas,6 años,35036,17698,17338,10564,5005,5559,23611,12237,11374,861,456,405
325,Estados Unidos Mexicanos,32 Zacatecas,7 años,34920,17761,17159,28844,14508,14336,5840,3129,2711,236,124,112
326,Estados Unidos Mexicanos,32 Zacatecas,8 años,35776,18093,17683,33135,16603,16532,2507,1425,1082,134,65,69
327,Estados Unidos Mexicanos,32 Zacatecas,9 años,34535,17403,17132,33026,16518,16508,1406,824,582,103,61,42
328,Estados Unidos Mexicanos,32 Zacatecas,10 años,37517,19039,18478,36269,18315,17954,1198,695,503,50,29,21
329,Estados Unidos Mexicanos,32 Zacatecas,11 años,34871,17476,17395,33849,16846,17003,965,596,369,57,34,23
330,Estados Unidos Mexicanos,32 Zacatecas,12 años,38857,19778,19079,37820,19144,18676,1001,615,386,36,19,17
331,Estados Unidos Mexicanos,32 Zacatecas,13 años,36367,18128,18239,35414,17539,17875,924,575,349,29,14,15
332,Estados Unidos Mexicanos,32 Zacatecas,14 años,37170,18308,18862,36092,17655,18437,1034,630,404,44,23,21
