,Estados Unidos Mexicanos,Entidad federativa,Edad desplegada,Población de 6 a 14 años:Total,Población de 6 a 14 años:Hombres,Población de 6 a 14 años:Mujeres,Sabe leer y escribir :Total,Sabe leer y escribir :Hombres,Sabe leer y escribir :Mujeres,No sabe leer y escribir :Total,No sabe leer y escribir :Hombres,No sabe leer y escribir :Mujeres,No especificado :Total,No especificado :Hombres,No especificado :Mujeres
3,Estados Unidos Mexicanos,Total Nacional,Total,19332243,9796181,9536062,16624651,8390006,8234645,2663835,1383850,1279985,43757,22325,21432
4,Estados Unidos Mexicanos,Total Nacional,6 años,2169899,1095777,1074122,814078,405471,408607,1340916,682648,658268,14905,7658,7247
5,Estados Unidos Mexicanos,Total Nacional,7 años,2108583,1075246,1033337,1618640,816001,802639,484569,256488,228081,5374,2757,2617
6,Estados Unidos Mexicanos,Total Nacional,8 años,2268118,1151177,1116941,1992823,1004568,988255,270923,144375,126548,4372,2234,2138
7,Estados Unidos Mexicanos,Total Nacional,9 años,2115595,1069720,1045875,1963844,988622,975222,147131,78756,68375,4620,2342,2278
8,Estados Unidos Mexicanos,Total Nacional,10 años,2265382,1158732,1106650,2141235,1091666,1049569,120832,65362,55470,3315,1704,1611
9,Estados Unidos Mexicanos,Total Nacional,11 años,1998482,1015133,983349,1923821,974864,948957,71888,38841,33047,2773,1428,1345
10,Estados Unidos Mexicanos,Total Nacional,12 años,2232824,1141228,1091596,2148300,1096356,1051944,81598,43397,38201,2926,1475,1451
11,Estados Unidos Mexicanos,Total Nacional,13 años,2089012,1046642,1042370,2015843,1009674,1006169,70423,35599,34824,2746,1369,1377
12,Estados Unidos Mexicanos,Total Nacional,14 años,2084348,1042526,1041822,2006067,1002784,1003283,75555,38384,37171,2726,1358,1368
13,Estados Unidos Mexicanos,01 Aguascalientes,Total,188991,96014,92977,169309,85556,83753,19379,10290,9089,303,168,135
14,Estados Unidos Mexicanos,01 Aguascalientes,6 años,21346,10767,10579,8416,4227,4189,12819,6484,6335,111,56,55
15,Estados Unidos Mexicanos,01 Aguascalientes,7 años,20365,10326,10039,17428,8694,8734,2899,1615,1284,38,17,21
16,Estados Unidos Mexicanos,01 Aguascalientes,8 años,21862,11215,10647,20694,10533,10161,1147,670,477,21,12,9
17,Estados Unidos Mexicanos,01 Aguascalientes,9 años,21335,10729,10606,20688,10342,10346,612,361,251,35,26,9
18,Estados Unidos Mexicanos,01 Aguascalientes,10 años,21522,10996,10526,21058,10720,10338,452,267,185,12,9,3
19,Estados Unidos Mexicanos,01 Aguascalientes,11 años,19903,10158,9745,19558,9935,9623,321,209,112,24,14,10
20,Estados Unidos Mexicanos,01 Aguascalientes,12 años,21418,11061,10357,21027,10833,10194,369,214,155,22,14,8
21,Estados Unidos Mexicanos,01 Aguascalientes,13 años,20861,10511,10350,20467,10274,10193,373,224,149,21,13,8
22,Estados Unidos Mexicanos,01 Aguascalientes,14 años,20379,10251,10128,19973,9998,9975,387,246,141,19,7,12
23,Estados Unidos Mexicanos,02 Baja California,Total,396240,201466,194774,347480,176226,171254,46800,24237,22563,1960,1003,957
24,Estados Unidos Mexicanos,02 Baja California,6 años,48617,24476,24141,16498,8193,8305,31311,15867,15444,808,416,392
25,Estados Unidos Mexicanos,02 Baja California,7 años,47051,24067,22984,39369,19982,19387,7437,3951,3486,245,134,111
26,Estados Unidos Mexicanos,02 Baja California,8 años,47500,24127,23373,44599,22560,22039,2731,1479,1252,170,88,82
27,Estados Unidos Mexicanos,02 Baja California,9 años,44170,22386,21784,42519,21475,21044,1455,820,635,196,91,105
28,Estados Unidos Mexicanos,02 Baja California,10 años,44735,23002,21733,43544,22352,21192,1074,594,480,117,56,61
29,Estados Unidos Mexicanos,02 Baja California,11 años,40296,20530,19766,39573,20148,19425,627,329,298,96,53,43
30,Estados Unidos Mexicanos,02 Baja California,12 años,43172,22042,21130,42282,21523,20759,779,463,316,111,56,55
31,Estados Unidos Mexicanos,02 Baja California,13 años,40386,20518,19868,39595,20122,19473,684,343,341,107,53,54
32,Estados Unidos Mexicanos,02 Baja California,14 años,40313,20318,19995,39501,19871,19630,702,391,311,110,56,54
33,Estados Unidos Mexicanos,03 Baja California Sur,Total,75397,38571,36826,65755,33443,32312,9449,5018,4431,193,110,83
34,Estados Unidos Mexicanos,03 Baja California Sur,6 años,8667,4460,4207,2340,1146,1194,6252,3270,2982,75,44,31
35,Estados Unidos Mexicanos,03 Baja California Sur,7 años,8482,4304,4178,6866,3411,3455,1591,875,716,25,18,7
36,Estados Unidos Mexicanos,03 Baja California Sur,8 años,8834,4511,4323,8256,4195,4061,562,309,253,16,7,9
37,Estados Unidos Mexicanos,03 Baja California Sur,9 años,8249,4157,4092,7963,4010,3953,267,137,130,19,10,9
38,Estados Unidos Mexicanos,03 Baja California Sur,10 años,8434,4401,4033,8218,4290,3928,201,101,100,15,10,5
39,Estados Unidos Mexicanos,03 Baja California Sur,11 años,7779,4009,3770,7647,3936,3711,118,66,52,14,7,7
40,Estados Unidos Mexicanos,03 Baja California Sur,12 años,8494,4316,4178,8334,4217,4117,149,93,56,11,6,5
41,Estados Unidos Mexicanos,03 Baja California Sur,13 años,8046,4071,3975,7891,3990,3901,147,77,70,8,4,4
42,Estados Unidos Mexicanos,03 Baja California Sur,14 años,8412,4342,4070,8240,4248,3992,162,90,72,10,4,6
43,Estados Unidos Mexicanos,04 Campeche,Total,142708,72175,70533,117636,59235,58401,24708,12749,11959,364,191,173
44,Estados Unidos Mexicanos,04 Campeche,6 años,16481,8299,8182,4615,2285,2330,11765,5960,5805,101,54,47
45,Estados Unidos Mexicanos,04 Campeche,7 años,16105,8130,7975,11009,5477,5532,5052,2628,2424,44,25,19
46,Estados Unidos Mexicanos,04 Campeche,8 años,16844,8598,8246,14024,7119,6905,2768,1448,1320,52,31,21
47,Estados Unidos Mexicanos,04 Campeche,9 años,15403,7714,7689,13941,6973,6968,1429,723,706,33,18,15
48,Estados Unidos Mexicanos,04 Campeche,10 años,16753,8627,8126,15646,8015,7631,1075,593,482,32,19,13
49,Estados Unidos Mexicanos,04 Campeche,11 años,14950,7638,7312,14282,7244,7038,651,386,265,17,8,9
50,Estados Unidos Mexicanos,04 Campeche,12 años,16097,8231,7866,15414,7864,7550,657,355,302,26,12,14
51,Estados Unidos Mexicanos,04 Campeche,13 años,14932,7419,7513,14292,7099,7193,613,305,308,27,15,12
52,Estados Unidos Mexicanos,04 Campeche,14 años,15143,7519,7624,14413,7159,7254,698,351,347,32,9,23
53,Estados Unidos Mexicanos,05 Coahuila,Total,427245,216833,210412,386955,195169,191786,39269,21135,18134,1021,529,492
54,Estados Unidos Mexicanos,05 Coahuila,6 años,47989,24403,23586,21448,10665,10783,26188,13552,12636,353,186,167
55,Estados Unidos Mexicanos,05 Coahuila,7 años,46991,23814,23177,40534,20236,20298,6351,3515,2836,106,63,43
56,Estados Unidos Mexicanos,05 Coahuila,8 años,49020,24959,24061,46868,23721,23147,2060,1195,865,92,43,49
57,Estados Unidos Mexicanos,05 Coahuila,9 años,46851,23742,23109,45661,23035,22626,1084,654,430,106,53,53
58,Estados Unidos Mexicanos,05 Coahuila,10 años,48897,24889,24008,48001,24355,23646,812,492,320,84,42,42
59,Estados Unidos Mexicanos,05 Coahuila,11 años,44709,22674,22035,44027,22261,21766,623,384,239,59,29,30
60,Estados Unidos Mexicanos,05 Coahuila,12 años,48782,24995,23787,48030,24518,23512,680,437,243,72,40,32
61,Estados Unidos Mexicanos,05 Coahuila,13 años,47154,23703,23451,46396,23237,23159,693,434,259,65,32,33
62,Estados Unidos Mexicanos,05 Coahuila,14 años,46852,23654,23198,45990,23141,22849,778,472,306,84,41,43
63,Estados Unidos Mexicanos,06 Colima,Total,103292,52439,50853,89172,44757,44415,13838,7527,6311,282,155,127
64,Estados Unidos Mexicanos,06 Colima,6 años,11336,5722,5614,3462,1667,1795,7748,3989,3759,126,66,60
65,Estados Unidos Mexicanos,06 Colima,7 años,11019,5628,5391,8536,4262,4274,2449,1346,1103,34,20,14
66,Estados Unidos Mexicanos,06 Colima,8 años,12032,6046,5986,10843,5374,5469,1166,661,505,23,11,12
67,Estados Unidos Mexicanos,06 Colima,9 años,11461,5774,5687,10757,5366,5391,670,392,278,34,16,18
68,Estados Unidos Mexicanos,06 Colima,10 años,12055,6261,5794,11544,5938,5606,498,313,185,13,10,3
69,Estados Unidos Mexicanos,06 Colima,11 años,11013,5595,5418,10670,5385,5285,332,204,128,11,6,5
70,Estados Unidos Mexicanos,06 Colima,12 años,11784,6065,5719,11436,5848,5588,333,210,123,15,7,8
71,Estados Unidos Mexicanos,06 Colima,13 años,11294,5703,5591,10966,5493,5473,315,202,113,13,8,5
72,Estados Unidos Mexicanos,06 Colima,14 años,11298,5645,5653,10958,5424,5534,327,210,117,13,11,2
73,Estados Unidos Mexicanos,07 Chiapas,Total,878839,444986,433853,639165,326904,312261,236542,116486,120056,3132,1596,1536
74,Estados Unidos Mexicanos,07 Chiapas,6 años,105732,53570,52162,23308,11774,11534,81447,41291,40156,977,505,472
75,Estados Unidos Mexicanos,07 Chiapas,7 años,97626,49555,48071,53940,27252,26688,43189,22039,21150,497,264,233
76,Estados Unidos Mexicanos,07 Chiapas,8 años,110169,55513,54656,75770,38411,37359,33973,16896,17077,426,206,220
77,Estados Unidos Mexicanos,07 Chiapas,9 años,92296,46553,45743,73264,37190,36074,18716,9191,9525,316,172,144
78,Estados Unidos Mexicanos,07 Chiapas,10 años,107962,55170,52792,89358,46110,43248,18349,8933,9416,255,127,128
79,Estados Unidos Mexicanos,07 Chiapas,11 años,84335,43010,41325,74243,38242,36001,9895,4665,5230,197,103,94
80,Estados Unidos Mexicanos,07 Chiapas,12 años,103176,53364,49812,90822,47677,43145,12184,5605,6579,170,82,88
81,Estados Unidos Mexicanos,07 Chiapas,13 años,87525,43414,44111,78262,39447,38815,9122,3906,5216,141,61,80
82,Estados Unidos Mexicanos,07 Chiapas,14 años,90018,44837,45181,80198,40801,39397,9667,3960,5707,153,76,77
83,Estados Unidos Mexicanos,08 Chihuahua,Total,545371,277354,268017,480868,243208,237660,61986,32881,29105,2517,1265,1252
84,Estados Unidos Mexicanos,08 Chihuahua,6 años,65424,33081,32343,27231,13377,13854,36914,19039,17875,1279,665,614
85,Estados Unidos Mexicanos,08 Chihuahua,7 años,62626,31824,30802,52810,26490,26320,9514,5180,4334,302,154,148
86,Estados Unidos Mexicanos,08 Chihuahua,8 años,64147,32836,31311,59020,30058,28962,4948,2704,2244,179,74,105
87,Estados Unidos Mexicanos,08 Chihuahua,9 años,60001,30610,29391,57249,29068,28181,2572,1456,1116,180,86,94
88,Estados Unidos Mexicanos,08 Chihuahua,10 años,62675,32090,30585,60232,30740,29492,2324,1299,1025,119,51,68
89,Estados Unidos Mexicanos,08 Chihuahua,11 años,56538,28937,27601,55084,28111,26973,1346,774,572,108,52,56
90,Estados Unidos Mexicanos,08 Chihuahua,12 años,60285,30740,29545,58510,29765,28745,1642,902,740,133,73,60
91,Estados Unidos Mexicanos,08 Chihuahua,13 años,57388,28811,28577,55928,28007,27921,1348,748,600,112,56,56
92,Estados Unidos Mexicanos,08 Chihuahua,14 años,56287,28425,27862,54804,27592,27212,1378,779,599,105,54,51
93,Estados Unidos Mexicanos,09 Distrito Federal,Total,1407669,712308,695361,1314278,664259,650019,89769,46381,43388,3622,1668,1954
94,Estados Unidos Mexicanos,09 Distrito Federal,6 años,159326,80802,78524,91840,46185,45655,66425,34084,32341,1061,533,528
95,Estados Unidos Mexicanos,09 Distrito Federal,7 años,153730,78656,75074,141433,72248,69185,11920,6244,5676,377,164,213
96,Estados Unidos Mexicanos,09 Distrito Federal,8 años,161670,81955,79715,157768,79902,77866,3529,1888,1641,373,165,208
97,Estados Unidos Mexicanos,09 Distrito Federal,9 años,151135,76693,74442,148895,75493,73402,1843,1012,831,397,188,209
98,Estados Unidos Mexicanos,09 Distrito Federal,10 años,161855,82906,78949,160011,81963,78048,1513,821,692,331,122,209
99,Estados Unidos Mexicanos,09 Distrito Federal,11 años,148301,75362,72939,146962,74665,72297,1054,583,471,285,114,171
100,Estados Unidos Mexicanos,09 Distrito Federal,12 años,161660,81757,79903,160175,81013,79162,1190,624,566,295,120,175
101,Estados Unidos Mexicanos,09 Distrito Federal,13 años,154434,77450,76984,153055,76760,76295,1142,574,568,237,116,121
102,Estados Unidos Mexicanos,09 Distrito Federal,14 años,155558,76727,78831,154139,76030,78109,1153,551,602,266,146,120
103,Estados Unidos Mexicanos,10 Durango,Total,319752,162442,157310,277445,139731,137714,41720,22404,19316,587,307,280
104,Estados Unidos Mexicanos,10 Durango,6 años,36110,18299,17811,11656,5713,5943,24280,12494,11786,174,92,82
105,Estados Unidos Mexicanos,10 Durango,7 años,35571,18116,17455,27608,13716,13892,7896,4366,3530,67,34,33
106,Estados Unidos Mexicanos,10 Durango,8 años,36942,18723,18219,33486,16779,16707,3394,1916,1478,62,28,34
107,Estados Unidos Mexicanos,10 Durango,9 años,35219,17992,17227,33496,16987,16509,1665,977,688,58,28,30
108,Estados Unidos Mexicanos,10 Durango,10 años,36862,18804,18058,35511,18018,17493,1299,762,537,52,24,28
109,Estados Unidos Mexicanos,10 Durango,11 años,33227,16753,16474,32398,16256,16142,787,477,310,42,20,22
110,Estados Unidos Mexicanos,10 Durango,12 años,36835,19002,17833,35936,18455,17481,861,522,339,38,25,13
111,Estados Unidos Mexicanos,10 Durango,13 años,34892,17534,17358,34088,17087,17001,757,415,342,47,32,15
112,Estados Unidos Mexicanos,10 Durango,14 años,34094,17219,16875,33266,16720,16546,781,475,306,47,24,23
113,Estados Unidos Mexicanos,11 Guanajuato,Total,1005653,507310,498343,858623,429597,429026,144781,76518,68263,2249,1195,1054
114,Estados Unidos Mexicanos,11 Guanajuato,6 años,111205,56047,55158,37568,18644,18924,72906,37013,35893,731,390,341
115,Estados Unidos Mexicanos,11 Guanajuato,7 años,107617,54871,52746,80839,40613,40226,26476,14099,12377,302,159,143
116,Estados Unidos Mexicanos,11 Guanajuato,8 años,118055,59773,58282,102964,51370,51594,14870,8272,6598,221,131,90
117,Estados Unidos Mexicanos,11 Guanajuato,9 años,111534,56305,55229,103311,51686,51625,7990,4501,3489,233,118,115
118,Estados Unidos Mexicanos,11 Guanajuato,10 años,118957,60454,58503,112594,56832,55762,6191,3534,2657,172,88,84
119,Estados Unidos Mexicanos,11 Guanajuato,11 años,104242,52953,51289,100123,50581,49542,3977,2294,1683,142,78,64
120,Estados Unidos Mexicanos,11 Guanajuato,12 años,116068,58960,57108,111772,56506,55266,4153,2379,1774,143,75,68
121,Estados Unidos Mexicanos,11 Guanajuato,13 años,108993,54148,54845,104958,51940,53018,3875,2129,1746,160,79,81
122,Estados Unidos Mexicanos,11 Guanajuato,14 años,108982,53799,55183,104494,51425,53069,4343,2297,2046,145,77,68
123,Estados Unidos Mexicanos,12 Guerrero,Total,707576,358835,348741,532608,269018,263590,173859,89237,84622,1109,580,529
124,Estados Unidos Mexicanos,12 Guerrero,6 años,79150,40058,39092,18594,9395,9199,60189,30468,29721,367,195,172
125,Estados Unidos Mexicanos,12 Guerrero,7 años,77116,39156,37960,42518,21337,21181,34434,17746,16688,164,73,91
126,Estados Unidos Mexicanos,12 Guerrero,8 años,86241,43737,42504,61102,30676,30426,25027,13002,12025,112,59,53
127,Estados Unidos Mexicanos,12 Guerrero,9 años,77654,39214,38440,63027,31516,31511,14519,7639,6880,108,59,49
128,Estados Unidos Mexicanos,12 Guerrero,10 años,85554,43928,41626,72917,37177,35740,12551,6708,5843,86,43,43
129,Estados Unidos Mexicanos,12 Guerrero,11 años,69396,35187,34209,62613,31655,30958,6706,3492,3214,77,40,37
130,Estados Unidos Mexicanos,12 Guerrero,12 años,83358,43167,40191,75444,38993,36451,7840,4129,3711,74,45,29
131,Estados Unidos Mexicanos,12 Guerrero,13 años,74750,37280,37470,68461,34223,34238,6226,3027,3199,63,30,33
132,Estados Unidos Mexicanos,12 Guerrero,14 años,74357,37108,37249,67932,34046,33886,6367,3026,3341,58,36,22
133,Estados Unidos Mexicanos,13 Hidalgo,Total,483433,244337,239096,422178,212904,209274,60469,31034,29435,786,399,387
134,Estados Unidos Mexicanos,13 Hidalgo,6 años,52043,26037,26006,23106,11453,11653,28718,14480,14238,219,104,115
135,Estados Unidos Mexicanos,13 Hidalgo,7 años,50726,25706,25020,39355,19755,19600,11278,5903,5375,93,48,45
136,Estados Unidos Mexicanos,13 Hidalgo,8 años,57302,29083,28219,50127,25245,24882,7088,3789,3299,87,49,38
137,Estados Unidos Mexicanos,13 Hidalgo,9 años,53609,27091,26518,49743,25019,24724,3745,2005,1740,121,67,54
138,Estados Unidos Mexicanos,13 Hidalgo,10 años,56641,28974,27667,53757,27440,26317,2814,1495,1319,70,39,31
139,Estados Unidos Mexicanos,13 Hidalgo,11 años,50483,25529,24954,48742,24663,24079,1695,842,853,46,24,22
140,Estados Unidos Mexicanos,13 Hidalgo,12 años,56787,29088,27699,54926,28151,26775,1808,915,893,53,22,31
141,Estados Unidos Mexicanos,13 Hidalgo,13 años,53652,26596,27056,52003,25800,26203,1594,773,821,55,23,32
142,Estados Unidos Mexicanos,13 Hidalgo,14 años,52190,26233,25957,50419,25378,25041,1729,832,897,42,23,19
143,Estados Unidos Mexicanos,14 Jalisco,Total,1289445,654035,635410,1134058,571302,562756,152149,81075,71074,3238,1658,1580
144,Estados Unidos Mexicanos,14 Jalisco,6 años,142997,72288,70709,52445,25952,26493,89425,45792,43633,1127,544,583
145,Estados Unidos Mexicanos,14 Jalisco,7 años,142092,72557,69535,115665,58055,57610,26025,14276,11749,402,226,176
146,Estados Unidos Mexicanos,14 Jalisco,8 años,147198,74675,72523,134684,67617,67067,12211,6888,5323,303,170,133
147,Estados Unidos Mexicanos,14 Jalisco,9 años,141957,71748,70209,134715,67640,67075,6917,3950,2967,325,158,167
148,Estados Unidos Mexicanos,14 Jalisco,10 años,149347,76224,73123,144085,73161,70924,5019,2924,2095,243,139,104
149,Estados Unidos Mexicanos,14 Jalisco,11 años,138214,70227,67987,134626,68145,66481,3373,1980,1393,215,102,113
150,Estados Unidos Mexicanos,14 Jalisco,12 años,147228,75023,72205,143759,73019,70740,3258,1893,1365,211,111,100
151,Estados Unidos Mexicanos,14 Jalisco,13 años,140858,71175,69683,137703,69387,68316,2953,1685,1268,202,103,99
152,Estados Unidos Mexicanos,14 Jalisco,14 años,139554,70118,69436,136376,68326,68050,2968,1687,1281,210,105,105
153,Estados Unidos Mexicanos,15 México,Total,2445771,1236521,1209250,2251978,1137388,1114590,187752,96034,91718,6041,3099,2942
154,Estados Unidos Mexicanos,15 México,6 años,282259,142523,139736,158956,79747,79209,121400,61759,59641,1903,1017,886
155,Estados Unidos Mexicanos,15 México,7 años,267496,136204,131292,240792,122222,118570,26006,13636,12370,698,346,352
156,Estados Unidos Mexicanos,15 México,8 años,285503,144927,140576,272482,138088,134394,12394,6518,5876,627,321,306
157,Estados Unidos Mexicanos,15 México,9 años,266093,134527,131566,258777,130786,127991,6563,3393,3170,753,348,405
158,Estados Unidos Mexicanos,15 México,10 años,283788,144755,139033,277783,141571,136212,5543,2932,2611,462,252,210
159,Estados Unidos Mexicanos,15 México,11 años,252838,128239,124599,248853,126141,122712,3579,1876,1703,406,222,184
160,Estados Unidos Mexicanos,15 México,12 años,280977,142532,138445,276347,140194,136153,4217,2138,2079,413,200,213
161,Estados Unidos Mexicanos,15 México,13 años,264366,132105,132261,260098,130095,130003,3878,1818,2060,390,192,198
162,Estados Unidos Mexicanos,15 México,14 años,262451,130709,131742,257890,128544,129346,4172,1964,2208,389,201,188
163,Estados Unidos Mexicanos,16 Michoacán,Total,901114,455747,445367,741067,370221,370846,157867,84430,73437,2180,1096,1084
164,Estados Unidos Mexicanos,16 Michoacán,6 años,97883,49249,48634,29403,14519,14884,67722,34346,33376,758,384,374
165,Estados Unidos Mexicanos,16 Michoacán,7 años,96608,49249,47359,65692,32660,33032,30661,16460,14201,255,129,126
166,Estados Unidos Mexicanos,16 Michoacán,8 años,106962,54148,52814,87380,43379,44001,19375,10665,8710,207,104,103
167,Estados Unidos Mexicanos,16 Michoacán,9 años,98171,49537,48634,87425,43497,43928,10535,5933,4602,211,107,104
168,Estados Unidos Mexicanos,16 Michoacán,10 años,107408,55065,52343,98594,50062,48532,8634,4901,3733,180,102,78
169,Estados Unidos Mexicanos,16 Michoacán,11 años,92096,46415,45681,86839,43318,43521,5119,3023,2096,138,74,64
170,Estados Unidos Mexicanos,16 Michoacán,12 años,105595,54006,51589,99922,50742,49180,5533,3199,2334,140,65,75
171,Estados Unidos Mexicanos,16 Michoacán,13 años,97871,48862,49009,92813,45995,46818,4914,2799,2115,144,68,76
172,Estados Unidos Mexicanos,16 Michoacán,14 años,98520,49216,49304,92999,46049,46950,5374,3104,2270,147,63,84
173,Estados Unidos Mexicanos,17 Morelos,Total,299124,151753,147371,264676,133834,130842,33974,17677,16297,474,242,232
174,Estados Unidos Mexicanos,17 Morelos,6 años,32308,16400,15908,11775,5883,5892,20420,10454,9966,113,63,50
175,Estados Unidos Mexicanos,17 Morelos,7 años,31859,16262,15597,25758,13064,12694,6049,3174,2875,52,24,28
176,Estados Unidos Mexicanos,17 Morelos,8 años,34928,17610,17318,32616,16407,16209,2255,1174,1081,57,29,28
177,Estados Unidos Mexicanos,17 Morelos,9 años,33144,16973,16171,31880,16287,15593,1206,657,549,58,29,29
178,Estados Unidos Mexicanos,17 Morelos,10 años,35341,18158,17183,34325,17628,16697,967,509,458,49,21,28
179,Estados Unidos Mexicanos,17 Morelos,11 años,31743,15973,15770,31068,15597,15471,641,358,283,34,18,16
180,Estados Unidos Mexicanos,17 Morelos,12 años,34824,17724,17100,34005,17280,16725,781,423,358,38,21,17
181,Estados Unidos Mexicanos,17 Morelos,13 años,32387,16337,16050,31566,15892,15674,780,427,353,41,18,23
182,Estados Unidos Mexicanos,17 Morelos,14 años,32590,16316,16274,31683,15796,15887,875,501,374,32,19,13
183,Estados Unidos Mexicanos,18 Nayarit,Total,199652,101764,97888,176674,89399,87275,22855,12304,10551,123,61,62
184,Estados Unidos Mexicanos,18 Nayarit,6 años,21926,11063,10863,8812,4364,4448,13085,6684,6401,29,15,14
185,Estados Unidos Mexicanos,18 Nayarit,7 años,22180,11352,10828,18239,9147,9092,3922,2196,1726,19,9,10
186,Estados Unidos Mexicanos,18 Nayarit,8 años,22743,11716,11027,20873,10628,10245,1858,1083,775,12,5,7
187,Estados Unidos Mexicanos,18 Nayarit,9 años,22013,11159,10854,20922,10521,10401,1070,628,442,21,10,11
188,Estados Unidos Mexicanos,18 Nayarit,10 años,23040,11782,11258,22272,11339,10933,761,441,320,7,2,5
189,Estados Unidos Mexicanos,18 Nayarit,11 años,21745,11079,10666,21233,10764,10469,506,314,192,6,1,5
190,Estados Unidos Mexicanos,18 Nayarit,12 años,23176,11974,11202,22596,11616,10980,570,352,218,10,6,4
191,Estados Unidos Mexicanos,18 Nayarit,13 años,21367,10725,10642,20859,10433,10426,498,286,212,10,6,4
192,Estados Unidos Mexicanos,18 Nayarit,14 años,21462,10914,10548,20868,10587,10281,585,320,265,9,7,2
193,Estados Unidos Mexicanos,19 Nuevo León,Total,646137,328767,317370,601712,305133,296579,43236,23010,20226,1189,624,565
194,Estados Unidos Mexicanos,19 Nuevo León,6 años,73445,37151,36294,41779,20796,20983,31288,16159,15129,378,196,182
195,Estados Unidos Mexicanos,19 Nuevo León,7 años,71242,36312,34930,66063,33445,32618,5040,2800,2240,139,67,72
196,Estados Unidos Mexicanos,19 Nuevo León,8 años,71535,36646,34889,69480,35453,34027,1954,1143,811,101,50,51
197,Estados Unidos Mexicanos,19 Nuevo León,9 años,68964,35166,33798,67788,34514,33274,1056,587,469,120,65,55
198,Estados Unidos Mexicanos,19 Nuevo León,10 años,72419,37039,35380,71420,36439,34981,906,548,358,93,52,41
199,Estados Unidos Mexicanos,19 Nuevo León,11 años,67250,34380,32870,66516,33934,32582,653,396,257,81,50,31
200,Estados Unidos Mexicanos,19 Nuevo León,12 años,75129,38416,36713,74271,37909,36362,765,458,307,93,49,44
201,Estados Unidos Mexicanos,19 Nuevo León,13 años,73962,37290,36672,73086,36785,36301,775,450,325,101,55,46
202,Estados Unidos Mexicanos,19 Nuevo León,14 años,72191,36367,35824,71309,35858,35451,799,469,330,83,40,43
203,Estados Unidos Mexicanos,20 Oaxaca,Total,782832,396950,385882,640614,324662,315952,140694,71503,69191,1524,785,739
204,Estados Unidos Mexicanos,20 Oaxaca,6 años,85091,42724,42367,26238,12928,13310,58404,29583,28821,449,213,236
205,Estados Unidos Mexicanos,20 Oaxaca,7 años,82804,42290,40514,55234,28014,27220,27373,14171,13202,197,105,92
206,Estados Unidos Mexicanos,20 Oaxaca,8 años,95617,48270,47347,77165,38835,38330,18292,9344,8948,160,91,69
207,Estados Unidos Mexicanos,20 Oaxaca,9 años,85038,42767,42271,75151,37697,37454,9709,4978,4731,178,92,86
208,Estados Unidos Mexicanos,20 Oaxaca,10 años,97116,49753,47363,88723,45324,43399,8270,4363,3907,123,66,57
209,Estados Unidos Mexicanos,20 Oaxaca,11 años,77423,39356,38067,73003,37071,35932,4315,2233,2082,105,52,53
210,Estados Unidos Mexicanos,20 Oaxaca,12 años,93076,47900,45176,87655,45183,42472,5313,2653,2660,108,64,44
211,Estados Unidos Mexicanos,20 Oaxaca,13 años,83454,41750,41704,78875,39653,39222,4477,2042,2435,102,55,47
212,Estados Unidos Mexicanos,20 Oaxaca,14 años,83213,42140,41073,78570,39957,38613,4541,2136,2405,102,47,55
213,Estados Unidos Mexicanos,21 Puebla,Total,1066369,538832,527537,895977,452148,443829,168780,85884,82896,1612,800,812
214,Estados Unidos Mexicanos,21 Puebla,6 años,117287,59059,58228,42890,21487,21403,74012,37369,36643,385,203,182
215,Estados Unidos Mexicanos,21 Puebla,7 años,112887,57802,55085,81230,41215,40015,31443,16485,14958,214,102,112
216,Estados Unidos Mexicanos,21 Puebla,8 años,128205,64544,63661,108725,54464,54261,19294,9994,9300,186,86,100
217,Estados Unidos Mexicanos,21 Puebla,9 años,116346,58402,57944,105474,52842,52632,10700,5472,5228,172,88,84
218,Estados Unidos Mexicanos,21 Puebla,10 años,128453,65725,62728,119345,61058,58287,8956,4591,4365,152,76,76
219,Estados Unidos Mexicanos,21 Puebla,11 años,107866,54816,53050,102363,52039,50324,5384,2708,2676,119,69,50
220,Estados Unidos Mexicanos,21 Puebla,12 años,125713,63938,61775,118908,60540,58368,6658,3329,3329,147,69,78
221,Estados Unidos Mexicanos,21 Puebla,13 años,114697,57421,57276,108731,54544,54187,5839,2816,3023,127,61,66
222,Estados Unidos Mexicanos,21 Puebla,14 años,114915,57125,57790,108311,53959,54352,6494,3120,3374,110,46,64
223,Estados Unidos Mexicanos,22 Querétaro,Total,282932,142931,140001,246883,124442,122441,35371,18147,17224,678,342,336
224,Estados Unidos Mexicanos,22 Querétaro,6 años,31502,15740,15762,11673,5882,5791,19557,9729,9828,272,129,143
225,Estados Unidos Mexicanos,22 Querétaro,7 años,30555,15493,15062,24291,12163,12128,6202,3302,2900,62,28,34
226,Estados Unidos Mexicanos,22 Querétaro,8 años,33524,16938,16586,30149,15122,15027,3319,1780,1539,56,36,20
227,Estados Unidos Mexicanos,22 Querétaro,9 años,31380,15917,15463,29606,14968,14638,1694,902,792,80,47,33
228,Estados Unidos Mexicanos,22 Querétaro,10 años,33307,17070,16237,32021,16370,15651,1243,681,562,43,19,24
229,Estados Unidos Mexicanos,22 Querétaro,11 años,29114,14862,14252,28271,14385,13886,801,460,341,42,17,25
230,Estados Unidos Mexicanos,22 Querétaro,12 años,32305,16474,15831,31401,16003,15398,858,442,416,46,29,17
231,Estados Unidos Mexicanos,22 Querétaro,13 años,30671,15330,15341,29791,14905,14886,840,405,435,40,20,20
232,Estados Unidos Mexicanos,22 Querétaro,14 años,30574,15107,15467,29680,14644,15036,857,446,411,37,17,20
233,Estados Unidos Mexicanos,23 Quintana Roo,Total,146446,74509,71937,122616,62242,60374,23561,12130,11431,269,137,132
234,Estados Unidos Mexicanos,23 Quintana Roo,6 años,17995,9043,8952,5121,2553,2568,12813,6455,6358,61,35,26
235,Estados Unidos Mexicanos,23 Quintana Roo,7 años,17232,8843,8389,12253,6249,6004,4938,2576,2362,41,18,23
236,Estados Unidos Mexicanos,23 Quintana Roo,8 años,17555,8915,8640,15256,7704,7552,2276,1195,1081,23,16,7
237,Estados Unidos Mexicanos,23 Quintana Roo,9 años,16118,8158,7960,14977,7522,7455,1101,617,484,40,19,21
238,Estados Unidos Mexicanos,23 Quintana Roo,10 años,16778,8603,8175,16013,8188,7825,744,405,339,21,10,11
239,Estados Unidos Mexicanos,23 Quintana Roo,11 años,15202,7715,7487,14752,7464,7288,430,240,190,20,11,9
240,Estados Unidos Mexicanos,23 Quintana Roo,12 años,15966,8271,7695,15478,8020,7458,465,243,222,23,8,15
241,Estados Unidos Mexicanos,23 Quintana Roo,13 años,15024,7658,7366,14633,7455,7178,366,190,176,25,13,12
242,Estados Unidos Mexicanos,23 Quintana Roo,14 años,14576,7303,7273,14133,7087,7046,428,209,219,15,7,8
243,Estados Unidos Mexicanos,24 San Luis Potosí,Total,499326,253168,246158,422960,212986,209974,75811,39887,35924,555,295,260
244,Estados Unidos Mexicanos,24 San Luis Potosí,6 años,53906,27184,26722,13739,6823,6916,39975,20270,19705,192,91,101
245,Estados Unidos Mexicanos,24 San Luis Potosí,7 años,53561,27384,26177,37232,18649,18583,16273,8703,7570,56,32,24
246,Estados Unidos Mexicanos,24 San Luis Potosí,8 años,58281,29464,28817,51044,25499,25545,7173,3934,3239,64,31,33
247,Estados Unidos Mexicanos,24 San Luis Potosí,9 años,56000,28436,27564,52191,26317,25874,3747,2079,1668,62,40,22
248,Estados Unidos Mexicanos,24 San Luis Potosí,10 años,58357,29920,28437,55755,28423,27332,2561,1471,1090,41,26,15
249,Estados Unidos Mexicanos,24 San Luis Potosí,11 años,52258,26542,25716,50753,25688,25065,1473,832,641,32,22,10
250,Estados Unidos Mexicanos,24 San Luis Potosí,12 años,58241,29791,28450,56646,28868,27778,1558,909,649,37,14,23
251,Estados Unidos Mexicanos,24 San Luis Potosí,13 años,55620,27931,27689,54120,27103,27017,1460,806,654,40,22,18
252,Estados Unidos Mexicanos,24 San Luis Potosí,14 años,53102,26516,26586,51480,25616,25864,1591,883,708,31,17,14
253,Estados Unidos Mexicanos,25 Sinaloa,Total,509320,258641,250679,449335,226201,223134,58635,31728,26907,1350,712,638
254,Estados Unidos Mexicanos,25 Sinaloa,6 años,56225,28552,27673,20540,10219,10321,35188,18083,17105,497,250,247
255,Estados Unidos Mexicanos,25 Sinaloa,7 años,55841,28388,27453,47322,23675,23647,8374,4636,3738,145,77,68
256,Estados Unidos Mexicanos,25 Sinaloa,8 años,58648,29899,28749,54404,27451,26953,4119,2381,1738,125,67,58
257,Estados Unidos Mexicanos,25 Sinaloa,9 años,55638,28179,27459,53201,26752,26449,2281,1340,941,156,87,69
258,Estados Unidos Mexicanos,25 Sinaloa,10 años,59065,30123,28942,56868,28828,28040,2106,1241,865,91,54,37
259,Estados Unidos Mexicanos,25 Sinaloa,11 años,53057,26794,26263,51532,25868,25664,1456,893,563,69,33,36
260,Estados Unidos Mexicanos,25 Sinaloa,12 años,58155,30003,28152,56346,28887,27459,1719,1061,658,90,55,35
261,Estados Unidos Mexicanos,25 Sinaloa,13 años,55451,28002,27449,53801,27006,26795,1570,956,614,80,40,40
262,Estados Unidos Mexicanos,25 Sinaloa,14 años,57240,28701,28539,55321,27515,27806,1822,1137,685,97,49,48
263,Estados Unidos Mexicanos,26 Sonora,Total,409807,207835,201972,356833,179631,177202,51340,27337,24003,1634,867,767
264,Estados Unidos Mexicanos,26 Sonora,6 años,46639,23708,22931,11695,5707,5988,34114,17565,16549,830,436,394
265,Estados Unidos Mexicanos,26 Sonora,7 años,45085,22949,22136,35841,17856,17985,9052,4986,4066,192,107,85
266,Estados Unidos Mexicanos,26 Sonora,8 años,47095,24142,22953,44002,22401,21601,2980,1682,1298,113,59,54
267,Estados Unidos Mexicanos,26 Sonora,9 años,45815,23004,22811,44245,22114,22131,1449,823,626,121,67,54
268,Estados Unidos Mexicanos,26 Sonora,10 años,47560,24323,23237,46560,23727,22833,914,548,366,86,48,38
269,Estados Unidos Mexicanos,26 Sonora,11 años,42450,21465,20985,41677,21014,20663,697,412,285,76,39,37
270,Estados Unidos Mexicanos,26 Sonora,12 años,46180,23610,22570,45405,23125,22280,719,454,265,56,31,25
271,Estados Unidos Mexicanos,26 Sonora,13 años,44681,22317,22364,43903,21862,22041,703,414,289,75,41,34
272,Estados Unidos Mexicanos,26 Sonora,14 años,44302,22317,21985,43505,21825,21680,712,453,259,85,39,46
273,Estados Unidos Mexicanos,27 Tabasco,Total,405557,204794,200763,328745,164593,164152,76354,39957,36397,458,244,214
274,Estados Unidos Mexicanos,27 Tabasco,6 años,43331,21744,21587,8343,4076,4267,34889,17603,17286,99,65,34
275,Estados Unidos Mexicanos,27 Tabasco,7 años,43556,22272,21284,25494,12724,12770,18028,9527,8501,34,21,13
276,Estados Unidos Mexicanos,27 Tabasco,8 años,47701,24064,23637,38304,19031,19273,9343,5012,4331,54,21,33
277,Estados Unidos Mexicanos,27 Tabasco,9 años,45014,22623,22391,40401,20041,20360,4540,2549,1991,73,33,40
278,Estados Unidos Mexicanos,27 Tabasco,10 años,48495,24846,23649,45397,23079,22318,3047,1738,1309,51,29,22
279,Estados Unidos Mexicanos,27 Tabasco,11 años,42450,21380,21070,40608,20351,20257,1800,1007,793,42,22,20
280,Estados Unidos Mexicanos,27 Tabasco,12 años,47554,24433,23121,45837,23506,22331,1678,908,770,39,19,20
281,Estados Unidos Mexicanos,27 Tabasco,13 años,43148,21435,21713,41714,20653,21061,1395,760,635,39,22,17
282,Estados Unidos Mexicanos,27 Tabasco,14 años,44308,21997,22311,42647,21132,21515,1634,853,781,27,12,15
283,Estados Unidos Mexicanos,28 Tamaulipas,Total,477504,242782,234722,425309,214831,210478,50875,27274,23601,1320,677,643
284,Estados Unidos Mexicanos,28 Tamaulipas,6 años,53574,27059,26515,21381,10523,10858,31611,16247,15364,582,289,293
285,Estados Unidos Mexicanos,28 Tamaulipas,7 años,53000,27236,25764,44397,22510,21887,8455,4650,3805,148,76,72
286,Estados Unidos Mexicanos,28 Tamaulipas,8 años,55281,28369,26912,51687,26262,25425,3490,2047,1443,104,60,44
287,Estados Unidos Mexicanos,28 Tamaulipas,9 años,52412,26686,25726,50478,25534,24944,1832,1096,736,102,56,46
288,Estados Unidos Mexicanos,28 Tamaulipas,10 años,54446,27716,26730,52967,26873,26094,1407,803,604,72,40,32
289,Estados Unidos Mexicanos,28 Tamaulipas,11 años,50172,25632,24540,49169,25020,24149,938,570,368,65,42,23
290,Estados Unidos Mexicanos,28 Tamaulipas,12 años,54336,27613,26723,53194,26939,26255,1060,635,425,82,39,43
291,Estados Unidos Mexicanos,28 Tamaulipas,13 años,52073,26266,25807,51013,25666,25347,981,563,418,79,37,42
292,Estados Unidos Mexicanos,28 Tamaulipas,14 años,52210,26205,26005,51023,25504,25519,1101,663,438,86,38,48
293,Estados Unidos Mexicanos,29 Tlaxcala,Total,197269,99796,97473,176845,89142,87703,20143,10497,9646,281,157,124
294,Estados Unidos Mexicanos,29 Tlaxcala,6 años,21314,10849,10465,7888,3950,3938,13372,6871,6501,54,28,26
295,Estados Unidos Mexicanos,29 Tlaxcala,7 años,20499,10482,10017,17240,8795,8445,3225,1670,1555,34,17,17
296,Estados Unidos Mexicanos,29 Tlaxcala,8 años,23062,11781,11281,21859,11116,10743,1168,642,526,35,23,12
297,Estados Unidos Mexicanos,29 Tlaxcala,9 años,21797,10940,10857,21173,10599,10574,583,318,265,41,23,18
298,Estados Unidos Mexicanos,29 Tlaxcala,10 años,23782,12222,11560,23309,11967,11342,446,237,209,27,18,9
299,Estados Unidos Mexicanos,29 Tlaxcala,11 años,20535,10358,10177,20221,10183,10038,296,167,129,18,8,10
300,Estados Unidos Mexicanos,29 Tlaxcala,12 años,23229,11729,11500,22862,11528,11334,341,191,150,26,10,16
301,Estados Unidos Mexicanos,29 Tlaxcala,13 años,21528,10791,10737,21185,10605,10580,315,169,146,28,17,11
302,Estados Unidos Mexicanos,29 Tlaxcala,14 años,21523,10644,10879,21108,10399,10709,397,232,165,18,13,5
303,Estados Unidos Mexicanos,30 Veracruz,Total,1452046,737930,714116,1149341,580951,568390,301014,156127,144887,1691,852,839
304,Estados Unidos Mexicanos,30 Veracruz,6 años,157467,79398,78069,31653,15680,15973,125338,63478,61860,476,240,236
305,Estados Unidos Mexicanos,30 Veracruz,7 años,157433,80464,76969,94590,47475,47115,62621,32874,29747,222,115,107
306,Estados Unidos Mexicanos,30 Veracruz,8 años,169800,86357,83443,133529,67089,66440,36093,19168,16925,178,100,78
307,Estados Unidos Mexicanos,30 Veracruz,9 años,159925,80799,79126,139422,69988,69434,20333,10720,9613,170,91,79
308,Estados Unidos Mexicanos,30 Veracruz,10 años,169315,86855,82460,152885,77855,75030,16283,8925,7358,147,75,72
309,Estados Unidos Mexicanos,30 Veracruz,11 años,150991,77072,73919,140943,71658,69285,9913,5346,4567,135,68,67
310,Estados Unidos Mexicanos,30 Veracruz,12 años,169216,86894,82322,158168,80996,77172,10912,5832,5080,136,66,70
311,Estados Unidos Mexicanos,30 Veracruz,13 años,158675,79489,79186,149116,74815,74301,9445,4628,4817,114,46,68
312,Estados Unidos Mexicanos,30 Veracruz,14 años,159224,80602,78622,149035,75395,73640,10076,5156,4920,113,51,62
313,Estados Unidos Mexicanos,31 Yucatán,Total,327361,165908,161453,268775,135443,133332,58264,30289,27975,322,176,146
314,Estados Unidos Mexicanos,31 Yucatán,6 años,37075,18707,18368,11029,5353,5676,25975,13321,12654,71,33,38
315,Estados Unidos Mexicanos,31 Yucatán,7 años,36607,18689,17918,24492,12221,12271,12063,6442,5621,52,26,26
316,Estados Unidos Mexicanos,31 Yucatán,8 años,37442,18925,18517,30597,15304,15293,6809,3600,3209,36,21,15
317,Estados Unidos Mexicanos,31 Yucatán,9 años,36014,18152,17862,32269,16185,16084,3698,1943,1755,47,24,23
318,Estados Unidos Mexicanos,31 Yucatán,10 años,37680,19345,18335,34843,17805,17038,2810,1524,1286,27,16,11
319,Estados Unidos Mexicanos,31 Yucatán,11 años,34850,17582,17268,33145,16703,16442,1688,869,819,17,10,7
320,Estados Unidos Mexicanos,31 Yucatán,12 años,37586,19485,18101,35730,18494,17236,1827,969,858,29,22,7
321,Estados Unidos Mexicanos,31 Yucatán,13 años,34760,17404,17356,33139,16615,16524,1598,773,825,23,16,7
322,Estados Unidos Mexicanos,31 Yucatán,14 años,35347,17619,17728,33531,16763,16768,1796,848,948,20,8,12
323,Estados Unidos Mexicanos,32 Zacatecas,Total,312065,158448,153617,268781,135450,133331,42591,22663,19928,693,335,358
324,Estados Unidos Mexicanos,32 Zacatecas,6 años,34249,17315,16934,8636,4305,4331,25366,12889,12477,247,121,126
325,Estados Unidos Mexicanos,32 Zacatecas,7 años,33021,16865,16156,24570,12389,12181,8333,4417,3916,118,59,59
326,Estados Unidos Mexicanos,32 Zacatecas,8 años,36420,18711,17709,33066,16775,16291,3257,1896,1361,97,40,57
327,Estados Unidos Mexicanos,32 Zacatecas,9 años,34839,17587,17252,33235,16658,16577,1550,903,647,54,26,28
328,Estados Unidos Mexicanos,32 Zacatecas,10 años,36783,18706,18077,35679,18019,17660,1062,668,394,42,19,23
329,Estados Unidos Mexicanos,32 Zacatecas,11 años,33056,16911,16145,32327,16439,15888,694,452,242,35,20,15
330,Estados Unidos Mexicanos,32 Zacatecas,12 años,36422,18624,17798,35662,18144,17518,721,460,261,39,20,19
331,Estados Unidos Mexicanos,32 Zacatecas,13 años,34112,17196,16916,33335,16726,16609,747,455,292,30,15,15
332,Estados Unidos Mexicanos,32 Zacatecas,14 años,33163,16533,16630,32271,15995,16276,861,523,338,31,15,16
